SW Version,2023.1.1
Date and Time Started,2025-Jul-10 12:01:21
Date and Time Ended,2025-Jul-10 12:01:59
Scan Name,Eye Scan Quad_130/MGT_X0Y14/TX->Quad_130/MGT_X0Y14/RX
Link Settings,
Reset RX After Applying Settings,false
Open Area,3031
Horizontal Opening,37
Horizontal Percentage,56.92
Vertical Opening,129
Vertical Percentage,50.59
Dwell,BER
Dwell BER,1e-5
Dwell Time,0
Horizontal Increment,1
Horizontal Range,-0.500 UI to 0.500 UI
Vertical Increment,1
Vertical Range,100%
Misc Info,ELF Version: 0x000B SVN: 16356
Scan Start
2d statistical,-32,-31,-30,-29,-28,-27,-26,-25,-24,-23,-22,-21,-20,-19,-18,-17,-16,-15,-14,-13,-12,-11,-10,-9,-8,-7,-6,-5,-4,-3,-2,-1,0,1,2,3,4,5,6,7,8,9,10,11,12,13,14,15,16,17,18,19,20,21,22,23,24,25,26,27,28,29,30,31,32
127,0.303302,0.298375,0.290962,0.287155,0.308602,0.290792,0.26463,0.287024,0.292863,0.260891,0.264303,0.261333,0.253661,0.251223,0.253596,0.244961,0.234769,0.200294,0.202035,0.176655,0.171933,0.145908,0.154814,0.140129,0.154005,0.189537,0.193976,0.205405,0.24126,0.253623,0.264077,0.269798,0.263893,0.282502,0.302718,0.303162,0.316302,0.314779,0.278722,0.285538,0.280096,0.289504,0.291527,0.282065,0.273448,0.275906,0.277938,0.284394,0.301616,0.287023,0.287969,0.282174,0.287817,0.266153,0.265558,0.278092,0.272373,0.283234,0.279548,0.28583,0.292014,0.296648,0.297787,0.307433,0.303887
126,0.278613,0.281388,0.263442,0.273389,0.286458,0.268741,0.264112,0.258905,0.260421,0.259982,0.258688,0.254297,0.25127,0.254135,0.25253,0.242266,0.237439,0.204952,0.226855,0.198574,0.167029,0.148489,0.14369,0.141138,0.135602,0.169244,0.198151,0.199152,0.215407,0.25018,0.245096,0.264894,0.268076,0.289535,0.297519,0.3057,0.292941,0.312305,0.304882,0.321114,0.322063,0.32483,0.293579,0.301578,0.305264,0.308912,0.286954,0.291687,0.286121,0.28121,0.272501,0.269867,0.271708,0.266188,0.279732,0.273765,0.273597,0.272821,0.283686,0.290675,0.289243,0.296011,0.290923,0.309453,0.316748
125,0.277504,0.281551,0.274113,0.268442,0.264949,0.262789,0.260577,0.261443,0.258978,0.257796,0.255272,0.253257,0.251466,0.251402,0.240171,0.221329,0.205702,0.212853,0.203087,0.162665,0.154487,0.142555,0.133053,0.125124,0.155019,0.135535,0.16243,0.199024,0.218317,0.200586,0.247625,0.26268,0.26031,0.277831,0.286861,0.285643,0.309536,0.288814,0.316363,0.299275,0.308773,0.307269,0.297686,0.303035,0.308205,0.292202,0.301616,0.293711,0.281385,0.280653,0.276992,0.277881,0.278702,0.272273,0.281755,0.277444,0.277501,0.270204,0.276948,0.290795,0.271312,0.290264,0.290589,0.295742,0.304749
124,0.280848,0.272056,0.267966,0.266388,0.259321,0.25973,0.259042,0.258089,0.256951,0.255119,0.253441,0.251193,0.25195,0.241276,0.236602,0.235537,0.204343,0.214351,0.162895,0.140999,0.130467,0.119035,0.119026,0.128575,0.125535,0.137927,0.180271,0.186195,0.187768,0.237119,0.247788,0.256993,0.255852,0.271717,0.279509,0.290351,0.28602,0.287854,0.294016,0.304704,0.287638,0.296018,0.293588,0.296078,0.280172,0.283894,0.290607,0.271456,0.271918,0.269646,0.274297,0.27754,0.276803,0.264603,0.276247,0.264691,0.276652,0.271848,0.278148,0.272444,0.272607,0.274996,0.277273,0.308659,0.305526
123,0.274501,0.269621,0.262207,0.261622,0.260658,0.257243,0.257344,0.257007,0.255664,0.253913,0.252072,0.25204,0.250242,0.24964,0.245507,0.245692,0.22098,0.209659,0.178312,0.144962,0.124977,0.113812,0.112412,0.12082,0.112772,0.143388,0.148942,0.184447,0.164707,0.23835,0.216462,0.249271,0.265274,0.25784,0.277482,0.276159,0.275936,0.285197,0.293912,0.290613,0.290039,0.290968,0.283391,0.292065,0.278588,0.285286,0.283775,0.283894,0.278838,0.269472,0.267832,0.266251,0.273403,0.273879,0.266654,0.268972,0.263117,0.267533,0.2703,0.265849,0.274649,0.294685,0.282572,0.283693,0.29517
122,0.272024,0.267134,0.262953,0.261927,0.257055,0.257188,0.254271,0.255257,0.252023,0.251496,0.250986,0.250159,0.245594,0.24927,0.24447,0.236846,0.220759,0.184332,0.152098,0.14997,0.134846,0.116766,0.111794,0.109502,0.116589,0.136088,0.13934,0.174445,0.146173,0.195835,0.23501,0.243965,0.249634,0.259393,0.271481,0.265377,0.279102,0.294009,0.277596,0.290345,0.294973,0.285652,0.282377,0.286361,0.286464,0.278055,0.276915,0.2784,0.273365,0.275176,0.26052,0.265928,0.271267,0.26023,0.267005,0.269881,0.259535,0.265137,0.266387,0.274515,0.284923,0.275759,0.274927,0.2968,0.306172
121,0.271793,0.263972,0.263188,0.257967,0.256176,0.255874,0.254018,0.254961,0.251933,0.250547,0.251432,0.250142,0.249509,0.249475,0.245769,0.232634,0.227346,0.165857,0.170107,0.153632,0.136771,0.121399,0.0988805,0.109807,0.103137,0.121489,0.149138,0.166593,0.19072,0.223389,0.232089,0.246561,0.250474,0.259893,0.267449,0.275806,0.291206,0.273203,0.275076,0.279256,0.289665,0.288413,0.291188,0.274756,0.271622,0.268442,0.270767,0.265323,0.268542,0.264631,0.266479,0.262208,0.262656,0.260189,0.26513,0.259986,0.263248,0.267112,0.264565,0.261804,0.270006,0.283028,0.286867,0.279937,0.285463
120,0.267295,0.259023,0.257254,0.25678,0.256541,0.25319,0.253174,0.252337,0.250289,0.251047,0.249181,0.249874,0.24725,0.244838,0.236483,0.23999,0.209859,0.204335,0.16163,0.13496,0.118002,0.106444,0.0943933,0.0994922,0.100773,0.118718,0.141498,0.144693,0.164867,0.217998,0.219984,0.245196,0.242109,0.253942,0.252608,0.264451,0.264611,0.271969,0.284299,0.279638,0.269736,0.271086,0.280176,0.269235,0.274472,0.267346,0.269176,0.269354,0.265782,0.268517,0.259316,0.267744,0.263021,0.262929,0.258672,0.265133,0.264355,0.258646,0.266365,0.262116,0.272004,0.26827,0.281427,0.281765,0.28335
119,0.259476,0.257381,0.256662,0.255622,0.253449,0.253647,0.252746,0.251593,0.250607,0.250289,0.249722,0.250663,0.248469,0.23928,0.230374,0.195827,0.223378,0.180619,0.171748,0.141742,0.108781,0.101927,0.102932,0.0877244,0.0849352,0.104254,0.127657,0.147473,0.188561,0.191397,0.204086,0.240756,0.241866,0.249672,0.252346,0.263143,0.269433,0.267529,0.287342,0.274044,0.273944,0.271629,0.270655,0.284144,0.26751,0.277046,0.266724,0.265527,0.2628,0.257089,0.262978,0.256813,0.258783,0.257169,0.256968,0.259941,0.260148,0.262154,0.261454,0.265216,0.265813,0.268945,0.275623,0.27367,0.284909
118,0.256135,0.255865,0.2523,0.253258,0.254277,0.252329,0.251848,0.250854,0.249975,0.250553,0.24871,0.250095,0.248466,0.244734,0.234465,0.201316,0.212451,0.192187,0.155037,0.129724,0.13372,0.0956623,0.0939255,0.0848792,0.0900132,0.100035,0.104738,0.118387,0.132186,0.178996,0.218549,0.221216,0.24222,0.248316,0.251266,0.252415,0.254014,0.260453,0.271499,0.263324,0.277747,0.277179,0.261157,0.268979,0.260764,0.262791,0.259649,0.261134,0.264422,0.261331,0.258181,0.255688,0.25818,0.256397,0.257841,0.255664,0.254917,0.257961,0.265158,0.258267,0.264937,0.271103,0.273799,0.277235,0.289288
117,0.254453,0.255306,0.252488,0.252692,0.252733,0.252311,0.252037,0.250393,0.250057,0.250096,0.249467,0.249841,0.249361,0.240554,0.232077,0.225181,0.197426,0.167277,0.166851,0.149685,0.114925,0.0930345,0.0860149,0.0730719,0.0757507,0.10575,0.111083,0.142585,0.113812,0.158155,0.206739,0.230445,0.237033,0.233252,0.248981,0.254069,0.249267,0.264593,0.266435,0.262576,0.2695,0.271535,0.264226,0.259515,0.259141,0.262261,0.258626,0.257082,0.256148,0.260566,0.258169,0.25605,0.257526,0.259194,0.258638,0.256748,0.25403,0.260049,0.259941,0.257122,0.262626,0.263199,0.262829,0.276613,0.273467
116,0.253348,0.252655,0.252727,0.251134,0.251586,0.25044,0.250997,0.251369,0.249987,0.250187,0.248809,0.244334,0.242094,0.242402,0.209314,0.2199,0.164498,0.166774,0.124083,0.116443,0.110482,0.0905577,0.0828838,0.0774238,0.0676899,0.0707551,0.0719118,0.0885363,0.147828,0.173521,0.178286,0.182033,0.232339,0.233999,0.24329,0.249116,0.256374,0.251258,0.251366,0.257209,0.269075,0.262665,0.269568,0.265678,0.255581,0.264852,0.264527,0.255101,0.255575,0.260206,0.26003,0.257698,0.254568,0.255684,0.254401,0.253464,0.256961,0.25353,0.25975,0.262188,0.258841,0.266082,0.265904,0.2623,0.272144
115,0.251981,0.251778,0.250818,0.251653,0.250255,0.249656,0.25019,0.249581,0.250024,0.25002,0.249568,0.248474,0.237066,0.243396,0.227558,0.213002,0.194036,0.148251,0.152349,0.102126,0.0941993,0.0892553,0.0801478,0.0883611,0.0708673,0.0653433,0.076252,0.109942,0.101771,0.137801,0.202505,0.209964,0.218858,0.235778,0.240027,0.247196,0.24381,0.251349,0.252923,0.261377,0.256131,0.266403,0.259002,0.256476,0.257611,0.259799,0.253598,0.254108,0.256496,0.256813,0.256739,0.258284,0.252407,0.253095,0.254979,0.2554,0.254157,0.257823,0.257345,0.254805,0.255383,0.260011,0.260011,0.278071,0.283151
114,0.25113,0.251566,0.249751,0.25122,0.250741,0.250808,0.251162,0.250145,0.25103,0.250882,0.250428,0.249059,0.244705,0.240801,0.240256,0.179098,0.210488,0.155859,0.164633,0.105133,0.0958553,0.080598,0.0700555,0.068226,0.0722017,0.0696777,0.0842921,0.06847,0.110783,0.169444,0.171545,0.207682,0.209625,0.233462,0.234035,0.241283,0.238542,0.243151,0.251253,0.258726,0.258747,0.263854,0.256023,0.253002,0.254218,0.256492,0.254889,0.262674,0.255493,0.25174,0.257942,0.252762,0.255764,0.25226,0.255317,0.253991,0.252365,0.255852,0.255969,0.256898,0.261082,0.260195,0.265482,0.277673,0.277862
113,0.250952,0.251019,0.250974,0.250488,0.248901,0.250697,0.249976,0.249682,0.250206,0.249518,0.249396,0.236788,0.244827,0.219885,0.224569,0.219858,0.193114,0.156758,0.118697,0.141681,0.0842995,0.0810877,0.073516,0.0666354,0.0569763,0.080035,0.0505003,0.0920139,0.0956309,0.119312,0.180208,0.188973,0.205602,0.222529,0.223587,0.23203,0.235252,0.244909,0.246571,0.257487,0.248696,0.247885,0.255634,0.262275,0.25404,0.256207,0.254507,0.253741,0.259762,0.2571,0.251717,0.252289,0.253141,0.254181,0.253918,0.252434,0.251329,0.254228,0.254964,0.254018,0.259789,0.260802,0.260221,0.268384,0.27126
112,0.250976,0.250495,0.250739,0.250214,0.250114,0.24992,0.249662,0.250221,0.250161,0.249609,0.24692,0.245872,0.248847,0.23459,0.221046,0.21845,0.148836,0.159193,0.103905,0.0997801,0.0864984,0.0740505,0.0687843,0.063971,0.0621421,0.0527644,0.0722994,0.0598742,0.0994377,0.106529,0.163799,0.162901,0.19747,0.219635,0.217861,0.225363,0.230439,0.241462,0.241417,0.249146,0.252677,0.247923,0.252892,0.252513,0.254554,0.251756,0.251641,0.259192,0.251513,0.257512,0.250465,0.250792,0.253149,0.25212,0.251641,0.251369,0.252746,0.252384,0.259187,0.251882,0.252502,0.264032,0.261567,0.264289,0.26237
111,0.250928,0.2497,0.250309,0.250259,0.249817,0.250011,0.251005,0.249368,0.250633,0.249154,0.250065,0.249151,0.244393,0.219048,0.22081,0.205724,0.164562,0.144173,0.113337,0.0836422,0.0784412,0.0719494,0.0766509,0.0519914,0.0466853,0.04607,0.0517885,0.0556847,0.0560964,0.123147,0.154438,0.181858,0.193441,0.202448,0.214322,0.229716,0.222518,0.233468,0.240466,0.236964,0.238785,0.242366,0.247551,0.249401,0.249547,0.254659,0.246957,0.248575,0.250089,0.254266,0.249447,0.25257,0.250918,0.254118,0.250748,0.251424,0.25168,0.251371,0.253956,0.255616,0.25855,0.260208,0.26202,0.261144,0.267184
110,0.250431,0.250218,0.250687,0.250599,0.250425,0.249211,0.249056,0.249157,0.249154,0.248091,0.249306,0.238003,0.246597,0.207391,0.228443,0.15574,0.173557,0.115999,0.118042,0.080472,0.0913666,0.0695307,0.0532587,0.0586167,0.0649444,0.0437335,0.0596614,0.0544635,0.0668144,0.084215,0.131952,0.183834,0.189041,0.195016,0.209847,0.228107,0.222885,0.216208,0.225025,0.238792,0.240471,0.240238,0.253862,0.244523,0.244216,0.25206,0.251771,0.249411,0.248328,0.2529,0.251298,0.251568,0.25064,0.252367,0.252762,0.253113,0.251064,0.252142,0.250561,0.253362,0.25584,0.252543,0.263303,0.26185,0.272501
109,0.249687,0.250497,0.25025,0.250684,0.250801,0.249597,0.249698,0.249784,0.249457,0.249451,0.248847,0.241934,0.227426,0.228951,0.175943,0.144021,0.186859,0.103906,0.108619,0.0912035,0.0675568,0.0564861,0.0482296,0.0445411,0.040222,0.038325,0.0417327,0.0420129,0.0518932,0.0800188,0.125338,0.158095,0.161325,0.201105,0.201441,0.205057,0.220323,0.231468,0.218279,0.229291,0.229779,0.238015,0.241559,0.245019,0.251882,0.245462,0.249575,0.249632,0.249813,0.249288,0.25096,0.249528,0.250796,0.249334,0.250287,0.251132,0.249944,0.25246,0.251098,0.251132,0.25291,0.25591,0.253665,0.256676,0.263778
108,0.250304,0.250565,0.250018,0.250515,0.249949,0.24969,0.249927,0.249768,0.25068,0.249449,0.245266,0.243663,0.224682,0.230109,0.182936,0.180996,0.14916,0.125527,0.11231,0.085084,0.0635229,0.0503352,0.0496192,0.0406223,0.0371115,0.0341532,0.0363598,0.0434363,0.0537672,0.0592819,0.112861,0.141426,0.183142,0.195642,0.189575,0.20955,0.212276,0.219807,0.234768,0.225759,0.23,0.231057,0.23664,0.243878,0.243019,0.245673,0.244953,0.24801,0.249112,0.250595,0.249541,0.252842,0.24901,0.249906,0.250172,0.249531,0.25153,0.250862,0.251569,0.252668,0.251828,0.254336,0.256776,0.259378,0.258725
107,0.249703,0.250311,0.250011,0.250256,0.250086,0.24993,0.251156,0.249916,0.247642,0.249906,0.248996,0.24615,0.234189,0.23786,0.199219,0.138517,0.119975,0.149378,0.0831663,0.073352,0.0596746,0.0520585,0.0431501,0.0395051,0.0355527,0.0298324,0.0263335,0.0297739,0.0451894,0.069151,0.101638,0.127505,0.170426,0.192589,0.189996,0.201455,0.196263,0.213299,0.223854,0.227729,0.226998,0.231969,0.230043,0.236716,0.24406,0.246685,0.245562,0.248063,0.245945,0.247359,0.248307,0.249947,0.250219,0.250291,0.250019,0.249486,0.251177,0.250862,0.249714,0.251749,0.253629,0.253273,0.253636,0.257583,0.255764
106,0.249542,0.249696,0.249951,0.249678,0.250223,0.24961,0.250679,0.249758,0.250213,0.246743,0.248391,0.24468,0.233387,0.237859,0.220449,0.15784,0.121146,0.107139,0.0825628,0.0821159,0.0560474,0.0487438,0.04015,0.0348212,0.0401725,0.0353277,0.0312666,0.033192,0.0410857,0.0428726,0.0941516,0.131209,0.151248,0.172623,0.194716,0.195589,0.200256,0.205136,0.219341,0.220422,0.231601,0.225627,0.229694,0.235615,0.236539,0.244181,0.242843,0.243801,0.247878,0.244858,0.249196,0.249224,0.250675,0.249076,0.250478,0.249907,0.250058,0.250922,0.251098,0.249334,0.250866,0.250408,0.252796,0.253844,0.255646
105,0.250111,0.249641,0.249775,0.249468,0.250693,0.250371,0.249607,0.249603,0.249752,0.244097,0.248995,0.239109,0.228059,0.215576,0.205105,0.132899,0.143115,0.100243,0.106526,0.0627538,0.0703771,0.0388168,0.0324951,0.0302853,0.0336051,0.027194,0.0197083,0.0272812,0.0245671,0.0525721,0.0509398,0.111965,0.135454,0.15152,0.181874,0.188974,0.190939,0.205354,0.209637,0.214858,0.212104,0.21918,0.228904,0.231352,0.236331,0.233335,0.243545,0.241714,0.245703,0.245134,0.248422,0.246995,0.248227,0.249452,0.250441,0.250287,0.249526,0.249296,0.251871,0.25002,0.252465,0.250599,0.251288,0.252234,0.256833
104,0.248882,0.250689,0.250547,0.249473,0.250231,0.249602,0.249298,0.249755,0.250058,0.246002,0.247938,0.24556,0.209511,0.179332,0.171738,0.152492,0.127719,0.0857071,0.0802969,0.0619284,0.0433158,0.0389164,0.035198,0.0246394,0.0228106,0.0263792,0.0230454,0.0238278,0.0294055,0.0444321,0.0818587,0.103758,0.127139,0.161836,0.167173,0.170367,0.190764,0.187844,0.196779,0.212111,0.213026,0.216432,0.218381,0.216122,0.228522,0.231954,0.236863,0.239217,0.242266,0.246085,0.243553,0.245536,0.248063,0.248587,0.249226,0.250215,0.250175,0.250249,0.250173,0.250785,0.25025,0.251054,0.252448,0.255604,0.256055
103,0.250385,0.250376,0.250069,0.249767,0.249152,0.249148,0.249905,0.249754,0.248691,0.241648,0.23459,0.235941,0.217291,0.213887,0.150089,0.158819,0.105484,0.0860131,0.091961,0.0572219,0.0484097,0.035901,0.028017,0.0257096,0.0283861,0.0183451,0.01379,0.0191725,0.022191,0.0473126,0.0642866,0.0912083,0.133504,0.145716,0.15855,0.173016,0.185894,0.185522,0.200254,0.193328,0.194816,0.210482,0.22011,0.228175,0.225566,0.229853,0.235519,0.23953,0.235651,0.240228,0.245165,0.247571,0.249071,0.249107,0.248251,0.249677,0.25002,0.2496,0.25021,0.250096,0.250057,0.250903,0.250439,0.252016,0.252158
102,0.249771,0.250229,0.250065,0.248995,0.250366,0.250059,0.249905,0.249297,0.248691,0.249145,0.244826,0.224928,0.222243,0.193661,0.152435,0.1248,0.0933867,0.0920643,0.0619003,0.0631116,0.0451244,0.0293595,0.0294249,0.0205341,0.018024,0.0225277,0.0145093,0.0165545,0.0193731,0.0335568,0.0541275,0.0849734,0.137397,0.134709,0.160348,0.171983,0.173524,0.188785,0.185914,0.20189,0.202756,0.209439,0.219996,0.217881,0.221754,0.228002,0.232182,0.232592,0.237793,0.245144,0.243604,0.246318,0.248109,0.249156,0.249501,0.249488,0.249298,0.249565,0.250019,0.250327,0.251533,0.250325,0.252309,0.251448,0.254281
101,0.249,0.249452,0.249149,0.249907,0.250211,0.250058,0.249448,0.25021,0.249145,0.249296,0.242794,0.240372,0.232065,0.194581,0.131154,0.115835,0.130071,0.0897053,0.0585386,0.0487961,0.0471286,0.0281567,0.0227768,0.0189511,0.0160888,0.0130636,0.0126275,0.0150999,0.0179676,0.02554,0.0346382,0.0671672,0.105189,0.12987,0.15171,0.151548,0.173198,0.180327,0.188041,0.190965,0.208619,0.210555,0.206858,0.222157,0.216261,0.224106,0.230284,0.234625,0.242481,0.244562,0.240035,0.246912,0.245009,0.246528,0.24911,0.248967,0.249564,0.249145,0.249638,0.249752,0.250095,0.250637,0.249563,0.250211,0.252192
100,0.249756,0.249908,0.250212,0.249907,0.249905,0.249145,0.249752,0.249905,0.248691,0.244096,0.24265,0.231671,0.177698,0.185002,0.154739,0.145143,0.10409,0.0919403,0.0551791,0.0431243,0.0328886,0.0292882,0.021302,0.0185304,0.0127478,0.0134848,0.0134519,0.0104028,0.0156877,0.0231423,0.0379356,0.0716209,0.0771824,0.119583,0.133359,0.152493,0.166395,0.173389,0.173121,0.179186,0.203644,0.191065,0.206494,0.210648,0.221147,0.230382,0.23023,0.237416,0.235798,0.236727,0.243614,0.242151,0.246192,0.247727,0.248553,0.249076,0.249564,0.250058,0.249829,0.249296,0.250517,0.250444,0.24979,0.25025,0.251019
99,0.249298,0.249907,0.249146,0.249601,0.249906,0.249752,0.249752,0.248088,0.247788,0.247339,0.228951,0.228823,0.218567,0.186179,0.190332,0.135269,0.10625,0.0660743,0.0693757,0.0448772,0.0279244,0.0283457,0.0263914,0.0207832,0.0130481,0.00979676,0.00989513,0.0116875,0.0206931,0.0158111,0.0300935,0.0667764,0.101175,0.1028,0.121791,0.16201,0.15682,0.165719,0.172441,0.170637,0.179574,0.189861,0.20214,0.203223,0.216716,0.223256,0.227008,0.23085,0.226968,0.234773,0.24157,0.243336,0.246246,0.246036,0.247541,0.249148,0.249337,0.24972,0.249296,0.249715,0.249943,0.250211,0.250597,0.25025,0.250483
98,0.249754,0.250058,0.249145,0.250058,0.248691,0.249296,0.249296,0.248389,0.2496,0.249145,0.234724,0.210696,0.217985,0.164959,0.159127,0.112526,0.0797186,0.061473,0.0445599,0.0397279,0.028635,0.0210708,0.0157762,0.01277,0.0141704,0.0116057,0.0113813,0.00909605,0.00853354,0.015832,0.0200746,0.0339297,0.0576029,0.107987,0.126066,0.143308,0.151902,0.163961,0.168583,0.186029,0.173425,0.180611,0.201199,0.200048,0.212342,0.20825,0.220274,0.224423,0.229266,0.240767,0.241253,0.24342,0.245497,0.244333,0.248547,0.248213,0.249031,0.249867,0.250173,0.249981,0.250325,0.250401,0.250556,0.250483,0.249869
97,0.2496,0.2496,0.25021,0.25021,0.250363,0.2496,0.249905,0.249296,0.249448,0.24009,0.245413,0.222243,0.213108,0.20177,0.164827,0.127441,0.0750998,0.0560091,0.05773,0.0373173,0.0238943,0.0159494,0.0142034,0.0155681,0.0100337,0.00873345,0.00629337,0.00857818,0.00901791,0.0136789,0.0227376,0.0326707,0.0569836,0.0984899,0.106484,0.121108,0.158549,0.147543,0.168388,0.168182,0.185069,0.186261,0.187681,0.198189,0.205014,0.210413,0.210812,0.22807,0.225957,0.228325,0.238241,0.24187,0.242999,0.245147,0.245834,0.2478,0.249264,0.249221,0.249335,0.250286,0.2496,0.250325,0.250057,0.249981,0.251094
96,0.250516,0.249601,0.2496,0.249296,0.249448,0.249752,0.250057,0.248993,0.245266,0.228568,0.235264,0.236486,0.200095,0.167455,0.15509,0.0983419,0.0690366,0.0527556,0.038641,0.038769,0.0207853,0.0153984,0.0150338,0.00884222,0.0092855,0.00685317,0.00544528,0.00780328,0.00567826,0.00856232,0.0139303,0.0323461,0.0500873,0.0694098,0.121348,0.13032,0.136956,0.156297,0.157658,0.167099,0.163919,0.17602,0.185634,0.201712,0.20212,0.202843,0.213614,0.219732,0.223864,0.227415,0.23524,0.239392,0.239004,0.245803,0.246151,0.247917,0.249568,0.249602,0.249489,0.250172,0.249601,0.249943,0.250289,0.250058,0.249905
95,0.25021,0.249296,0.249448,0.249752,0.249752,0.249905,0.249296,0.249296,0.243951,0.231148,0.221402,0.231017,0.153349,0.148619,0.12852,0.103485,0.0792865,0.0621917,0.0335926,0.0244973,0.0179655,0.0147385,0.0114528,0.00855558,0.00620317,0.00585288,0.00590934,0.00387503,0.00583448,0.00634651,0.012573,0.0290982,0.0583101,0.0752559,0.101974,0.128637,0.142112,0.154206,0.159998,0.16457,0.160865,0.170792,0.184985,0.184553,0.194659,0.204956,0.212177,0.217455,0.223955,0.236169,0.230818,0.23611,0.239655,0.241589,0.245157,0.248096,0.247034,0.248702,0.249752,0.249449,0.249981,0.249715,0.249791,0.250172,0.25044
94,0.2496,0.2496,0.249752,0.24854,0.2496,0.250057,0.249752,0.248389,0.247938,0.245855,0.208976,0.214223,0.184585,0.131028,0.0994643,0.105348,0.084192,0.0460477,0.0344197,0.0355613,0.019953,0.0152181,0.00829331,0.00693778,0.00577687,0.00447328,0.00410868,0.00459277,0.00371595,0.00561351,0.0102111,0.0216435,0.0399036,0.0823703,0.100572,0.117387,0.133156,0.144679,0.149914,0.154284,0.176946,0.180105,0.18087,0.194471,0.197718,0.20825,0.207857,0.214011,0.21859,0.232336,0.22572,0.237016,0.238463,0.242559,0.245016,0.245394,0.246968,0.248733,0.248695,0.249488,0.250287,0.250019,0.250096,0.249715,0.249944
93,0.25021,0.250057,0.249145,0.250516,0.249448,0.249145,0.2496,0.246743,0.246595,0.238413,0.23883,0.224312,0.199122,0.158573,0.12054,0.0847495,0.0622673,0.0488893,0.0382441,0.0215918,0.0159283,0.0116416,0.0093824,0.0067699,0.00569285,0.00466812,0.00341735,0.00364595,0.00321727,0.00397316,0.00768158,0.0139912,0.030064,0.0559912,0.0763274,0.0969105,0.135026,0.134533,0.139988,0.148938,0.15571,0.171843,0.173834,0.181598,0.183091,0.197751,0.200974,0.205544,0.215624,0.225348,0.229605,0.236566,0.237269,0.237816,0.245413,0.247326,0.248249,0.248165,0.24851,0.249791,0.248993,0.250097,0.249715,0.249487,0.249905
92,0.248993,0.2496,0.249752,0.249905,0.249752,0.248842,0.248239,0.24468,0.248691,0.222726,0.229336,0.203677,0.160185,0.161004,0.106972,0.111758,0.0545544,0.0351433,0.0300004,0.0170155,0.0152698,0.00931391,0.00747034,0.00422866,0.00404774,0.00355764,0.00269694,0.00347515,0.00404898,0.00347782,0.00600566,0.0139845,0.0368416,0.0478245,0.0763749,0.0898542,0.122845,0.136911,0.145337,0.14608,0.151792,0.154126,0.17099,0.177451,0.191569,0.192426,0.20705,0.196247,0.215021,0.226529,0.229376,0.234598,0.236483,0.236711,0.242263,0.245406,0.24733,0.248627,0.249297,0.249676,0.250019,0.2496,0.250401,0.2496,0.250057
91,0.250516,0.250057,0.250057,0.249905,0.249448,0.250057,0.248389,0.236759,0.247041,0.232592,0.229851,0.164827,0.167181,0.133723,0.0872963,0.070076,0.0602699,0.0423135,0.0244695,0.0182221,0.0102499,0.00916429,0.00533522,0.00437428,0.00338912,0.00234894,0.00269236,0.00261597,0.0020758,0.00312943,0.00470388,0.00859178,0.0215332,0.0422223,0.0730498,0.094743,0.103795,0.133144,0.134834,0.150559,0.148682,0.154043,0.159328,0.176801,0.1967,0.189801,0.199595,0.207852,0.210181,0.215785,0.227248,0.235262,0.237402,0.239276,0.240077,0.240663,0.244209,0.247253,0.24836,0.248918,0.249183,0.249829,0.249828,0.249981,0.249981
90,0.249448,0.249752,0.248691,0.249905,0.248842,0.250057,0.249448,0.246892,0.233387,0.219151,0.225547,0.20177,0.142121,0.156993,0.0938575,0.0637104,0.0462557,0.0354198,0.0232197,0.0186579,0.00936031,0.00856578,0.00589981,0.00380684,0.00329995,0.00211557,0.00222028,0.0016453,0.00205921,0.00231079,0.00307078,0.00873951,0.0151923,0.0398903,0.0473592,0.1018,0.112022,0.126216,0.124276,0.137046,0.146845,0.152212,0.156234,0.160352,0.174152,0.181827,0.184901,0.196912,0.193967,0.205148,0.22635,0.229317,0.227529,0.23611,0.240177,0.241521,0.2468,0.247167,0.24754,0.249,0.249524,0.249677,0.250058,0.2501,0.248957
89,0.2496,0.249905,0.250057,0.248993,0.25021,0.249905,0.249145,0.247489,0.241791,0.213108,0.180916,0.151421,0.185085,0.104143,0.117531,0.0691532,0.0468162,0.0300598,0.0222051,0.0124683,0.0104099,0.0085301,0.00375229,0.00337835,0.00198062,0.00173953,0.00131657,0.00178168,0.0015197,0.00217603,0.00260796,0.00693589,0.0159457,0.0312718,0.0594278,0.0892595,0.102798,0.115342,0.128834,0.133807,0.1359,0.148381,0.156593,0.162388,0.164663,0.17188,0.176701,0.188336,0.204864,0.20118,0.212364,0.215821,0.227325,0.235173,0.240339,0.240811,0.247396,0.247475,0.248069,0.249107,0.249677,0.250057,0.250057,0.249943,0.249221
88,0.248993,0.249905,0.249905,0.249752,0.248691,0.247638,0.247489,0.248389,0.245413,0.225547,0.207284,0.14504,0.14644,0.105784,0.0798118,0.0520517,0.0359672,0.028611,0.0171883,0.0151372,0.00861605,0.00527562,0.00331378,0.00287137,0.00113928,0.00204595,0.0012048,0.00120499,0.00100824,0.00105755,0.00207704,0.00453279,0.00920332,0.0314243,0.0434898,0.0641611,0.0986947,0.115732,0.132269,0.12848,0.139424,0.140682,0.157708,0.162953,0.169667,0.174014,0.18564,0.18745,0.204434,0.205344,0.20318,0.220885,0.225999,0.23564,0.239447,0.24018,0.246206,0.24582,0.248322,0.248394,0.249754,0.249222,0.249601,0.25002,0.249638
87,0.249752,0.25021,0.25021,0.249752,0.2496,0.250057,0.244972,0.243951,0.24265,0.236896,0.214223,0.19131,0.127045,0.0971293,0.0790112,0.0484899,0.0359483,0.0301062,0.0197891,0.0109445,0.00696953,0.00453822,0.0029428,0.00190967,0.00149071,0.00122187,0.000911727,0.000727951,0.000855936,0.000988308,0.00125601,0.00289988,0.00995933,0.0174579,0.0507507,0.0622273,0.0759841,0.113622,0.118834,0.12058,0.134703,0.145365,0.148161,0.15958,0.167874,0.177246,0.17858,0.190804,0.191131,0.200627,0.215385,0.223797,0.227389,0.225471,0.234468,0.24032,0.242673,0.246507,0.247736,0.248666,0.25006,0.249981,0.249792,0.250096,0.249373
86,0.249145,0.248993,0.249905,0.248389,0.248993,0.249145,0.248389,0.245855,0.235534,0.22309,0.199997,0.183674,0.11422,0.0986498,0.0890809,0.0457341,0.0419151,0.0210416,0.0170183,0.00992459,0.00622711,0.00428922,0.00245804,0.00193294,0.00109483,0.000952831,0.000719081,0.000818647,0.000801671,0.000770485,0.000942435,0.00296321,0.00681506,0.0121435,0.0390948,0.0823054,0.0660735,0.0997984,0.117445,0.12535,0.128943,0.139303,0.154335,0.146371,0.161402,0.16233,0.172811,0.174811,0.196557,0.197321,0.199142,0.212455,0.217065,0.227058,0.234376,0.238958,0.238183,0.246017,0.248173,0.247688,0.249298,0.248995,0.24979,0.249867,0.25021
85,0.249296,0.250669,0.250516,0.249752,0.248842,0.247489,0.248239,0.240796,0.244388,0.180756,0.156453,0.156933,0.146808,0.0813979,0.0597338,0.0453844,0.0283457,0.01938,0.0114454,0.00902039,0.00553302,0.00320344,0.00192397,0.00163844,0.000914683,0.00080663,0.000571927,0.000644884,0.00048476,0.000800526,0.00076648,0.00148661,0.00508221,0.0170342,0.0294463,0.0524558,0.101549,0.092637,0.0948624,0.126953,0.129596,0.129972,0.13778,0.148647,0.15326,0.153534,0.171907,0.177437,0.184761,0.200551,0.201455,0.203645,0.215077,0.233641,0.233415,0.234834,0.243996,0.242086,0.246244,0.248105,0.248582,0.249905,0.249488,0.249752,0.25044
84,0.250057,0.249752,0.249752,0.248842,0.248993,0.248691,0.244242,0.231278,0.226796,0.220449,0.190864,0.123372,0.134161,0.125105,0.0675787,0.0411943,0.0327781,0.0153149,0.01086,0.0072241,0.00478151,0.00277571,0.00161803,0.00103542,0.000765335,0.000857462,0.000411421,0.00036059,0.000529011,0.000293927,0.000596818,0.00116608,0.00452583,0.0111756,0.0233468,0.0616212,0.0645398,0.0772139,0.101667,0.118616,0.129514,0.131542,0.141154,0.144044,0.155136,0.170353,0.171403,0.178074,0.181624,0.190181,0.205596,0.216458,0.217949,0.22655,0.229945,0.23797,0.23986,0.242364,0.24628,0.247736,0.248662,0.249526,0.249337,0.249486,0.250172
83,0.250057,0.249448,0.249448,0.249752,0.24854,0.249145,0.244096,0.241221,0.205723,0.214784,0.210264,0.140706,0.117261,0.0978019,0.0570784,0.0449956,0.0258893,0.0150504,0.0107435,0.0060606,0.00363394,0.00234588,0.00121061,0.000904192,0.000703918,0.000396544,0.000304036,0.000308995,0.000347524,0.000302701,0.00043679,0.000840391,0.00282464,0.00696908,0.0259365,0.0292948,0.0640255,0.084245,0.0963108,0.0909515,0.120597,0.130953,0.130279,0.144908,0.154789,0.159465,0.163875,0.157854,0.186075,0.181332,0.195231,0.207168,0.22282,0.216046,0.228518,0.231642,0.235236,0.241842,0.246935,0.247487,0.247878,0.248469,0.249715,0.249486,0.25044
82,0.248239,0.250669,0.2496,0.249905,0.249448,0.24854,0.247638,0.246595,0.235805,0.164628,0.191578,0.168557,0.0893335,0.110582,0.0472318,0.0310464,0.0198371,0.0208658,0.0110415,0.00595884,0.00306716,0.00186522,0.00120031,0.000641833,0.000556668,0.000536831,0.000367456,0.000290589,0.000192454,0.000236515,0.000351244,0.000765145,0.0025515,0.00717681,0.0164134,0.0283617,0.0450276,0.0677633,0.0882953,0.111632,0.122372,0.123979,0.130438,0.140967,0.14337,0.149799,0.160003,0.176926,0.167349,0.189684,0.194399,0.213399,0.206322,0.214302,0.221282,0.236333,0.23602,0.241974,0.24552,0.245039,0.247108,0.248693,0.24983,0.25002,0.250172
81,0.25021,0.249905,0.250057,0.2496,0.2496,0.241079,0.246743,0.244534,0.23897,0.214447,0.156752,0.146755,0.0830146,0.0749898,0.0474123,0.0312358,0.0208732,0.0130109,0.00693566,0.00416714,0.00297589,0.00186666,0.0011677,0.000495346,0.000339704,0.000274281,0.000190356,0.000161936,0.000185206,0.000215629,0.000253967,0.000475128,0.00188468,0.00443513,0.0110455,0.0429508,0.0496953,0.0569608,0.0917451,0.0954804,0.119616,0.115743,0.128525,0.128702,0.142879,0.145046,0.151522,0.164002,0.177041,0.184003,0.185054,0.19703,0.199938,0.216916,0.222027,0.233272,0.241447,0.244541,0.243314,0.244249,0.247713,0.248853,0.249449,0.249715,0.250019
80,0.2496,0.25021,0.250363,0.248088,0.2496,0.247938,0.234054,0.239249,0.224928,0.217522,0.146703,0.145919,0.0833864,0.0731941,0.0460426,0.0284402,0.019512,0.0110305,0.0072448,0.00488756,0.00202726,0.00129492,0.000992885,0.000520809,0.000254349,0.000252155,0.000199798,0.00020285,0.000118162,0.000157549,0.000238136,0.000417144,0.00088922,0.00411326,0.0125286,0.0246369,0.0454895,0.0580042,0.0849801,0.0884372,0.1024,0.116756,0.127949,0.134734,0.143189,0.1475,0.156466,0.155456,0.165778,0.177283,0.178686,0.194156,0.209141,0.212025,0.225397,0.225589,0.236418,0.240869,0.24389,0.247334,0.248784,0.248316,0.248882,0.249715,0.249677
79,0.25021,0.249752,0.249752,0.24854,0.248842,0.248239,0.23567,0.229722,0.19626,0.21333,0.187371,0.144274,0.116561,0.0583967,0.0417145,0.025512,0.0182286,0.00928078,0.00583734,0.00337415,0.00199922,0.00107366,0.000715267,0.000311475,0.000212673,0.000178435,0.000122549,0.000103952,0.000101568,8.25895e-05,0.000117494,0.00024939,0.000859369,0.00236543,0.00724563,0.017582,0.0370259,0.0522686,0.0691486,0.095611,0.0989344,0.0966396,0.123345,0.131884,0.13726,0.145234,0.150733,0.161338,0.165165,0.1771,0.189359,0.190679,0.197973,0.209424,0.210203,0.222096,0.231488,0.230725,0.242037,0.244685,0.248068,0.248391,0.2496,0.249221,0.249983
78,0.248842,0.249448,0.2496,0.249145,0.244242,0.248993,0.244388,0.208233,0.217522,0.175791,0.181477,0.104275,0.093879,0.0634243,0.0437274,0.0260723,0.0133755,0.00815592,0.00486133,0.00235065,0.00148566,0.000715648,0.00060359,0.00030642,0.000212196,0.000115587,7.54368e-05,9.43198e-05,6.01778e-05,4.77798e-05,7.79164e-05,0.000163176,0.000524147,0.0025741,0.00514096,0.0162306,0.0395223,0.0496266,0.0673486,0.0929435,0.106293,0.114875,0.112686,0.12771,0.13399,0.142621,0.149373,0.155142,0.162202,0.17427,0.18141,0.191202,0.190324,0.205552,0.22692,0.213958,0.230883,0.235411,0.242015,0.240377,0.245863,0.247701,0.249034,0.249791,0.24934
77,0.249145,0.249752,0.249296,0.247938,0.246743,0.231802,0.245266,0.232856,0.185337,0.16299,0.127322,0.0989597,0.0845221,0.0557196,0.0386483,0.0209191,0.0120187,0.00755021,0.0044152,0.00248875,0.00125887,0.000570592,0.000539693,0.000224403,0.0001318,6.59953e-05,5.90333e-05,4.61585e-05,2.57496e-05,5.06409e-05,4.00549e-05,9.01236e-05,0.000329404,0.00195945,0.00444114,0.0107403,0.0241264,0.0383173,0.0494093,0.0790779,0.0982177,0.101522,0.111386,0.120961,0.123327,0.133111,0.136217,0.14868,0.160584,0.167078,0.16871,0.182439,0.196004,0.204678,0.208031,0.222581,0.227443,0.235944,0.237826,0.24051,0.245362,0.246914,0.248845,0.249791,0.249828
76,0.2496,0.248842,0.246298,0.247041,0.249296,0.241364,0.238691,0.217869,0.17793,0.173999,0.137217,0.0841401,0.0844002,0.0487207,0.0351131,0.0215747,0.0126282,0.00598163,0.00375048,0.00180705,0.000984207,0.000523098,0.000389773,0.000203422,0.000125696,6.93332e-05,5.0164e-05,4.40604e-05,2.90875e-05,6.56138e-05,2.96597e-05,9.06958e-05,0.000227741,0.00134079,0.00383078,0.0142616,0.0154055,0.0493746,0.0547708,0.090964,0.104043,0.10878,0.112799,0.12438,0.131927,0.129503,0.149688,0.149301,0.150516,0.159193,0.172827,0.193454,0.177861,0.202919,0.200934,0.216275,0.230107,0.23239,0.232405,0.243371,0.244907,0.247797,0.247988,0.249563,0.250095
75,0.249145,0.249296,0.249752,0.249145,0.247339,0.246595,0.22309,0.226295,0.210264,0.142023,0.159066,0.0949453,0.0905381,0.0464393,0.0259731,0.0176863,0.0101185,0.00592117,0.00306964,0.0015487,0.00102893,0.000389487,0.000269894,0.000123121,0.000130465,7.71534e-05,2.9469e-05,3.18532e-05,2.47005e-05,3.69078e-05,2.12673e-05,6.15129e-05,0.000185779,0.000813497,0.00247444,0.00779572,0.0160956,0.0295964,0.0569691,0.0676821,0.0849414,0.107905,0.102136,0.113016,0.127528,0.129794,0.139573,0.144704,0.146513,0.162616,0.160783,0.180248,0.181842,0.191683,0.20884,0.223807,0.22687,0.233665,0.235355,0.243557,0.243962,0.247655,0.248254,0.249147,0.249867
74,0.249905,0.249752,0.249752,0.249448,0.246595,0.233786,0.239109,0.221163,0.19711,0.133158,0.129783,0.0763314,0.066971,0.04152,0.0210784,0.014848,0.0087974,0.00421168,0.0025639,0.00104334,0.000699531,0.000299172,0.000163844,0.00013714,4.82567e-05,4.24392e-05,3.10903e-05,2.17441e-05,2.44144e-05,9.34615e-06,3.20439e-05,2.66079e-05,9.66087e-05,0.000534066,0.00155909,0.00779877,0.0137867,0.0192847,0.0383153,0.0446051,0.0735579,0.09829,0.101275,0.101112,0.122781,0.127283,0.134791,0.139376,0.147061,0.158884,0.159575,0.163184,0.18043,0.194786,0.204475,0.20382,0.217881,0.23023,0.237664,0.239969,0.2446,0.245968,0.248733,0.24941,0.249641
73,0.249145,0.249296,0.248842,0.24615,0.24009,0.241079,0.241079,0.225921,0.210156,0.181719,0.0957891,0.117971,0.0638296,0.0399995,0.0168641,0.014427,0.00728617,0.00382143,0.00198358,0.00114786,0.000407321,0.000293259,0.000153353,6.49462e-05,4.73983e-05,2.92782e-05,1.28748e-05,1.29702e-05,1.15396e-05,9.63226e-06,2.35561e-05,3.00412e-05,6.16083e-05,0.000227073,0.00151865,0.00406825,0.00975362,0.0192388,0.0367152,0.0586165,0.0667035,0.0680578,0.0984413,0.100413,0.117863,0.122563,0.131962,0.13943,0.143144,0.158558,0.160194,0.176306,0.180979,0.198631,0.204475,0.206634,0.22716,0.224895,0.237602,0.234505,0.241769,0.244943,0.248919,0.249755,0.24828
72,0.250363,0.248842,0.248842,0.246892,0.24265,0.244096,0.230238,0.167866,0.180438,0.169254,0.144989,0.0768181,0.0471611,0.0277899,0.020695,0.00969164,0.00616474,0.00302777,0.00197042,0.000944057,0.000363928,0.000269799,0.000121023,3.43328e-05,3.69078e-05,3.14717e-05,1.36378e-05,1.17304e-05,6.96193e-06,7.91562e-06,1.14443e-05,1.36378e-05,4.15808e-05,0.000230888,0.000819123,0.00355488,0.00835927,0.0270997,0.0243914,0.0390846,0.0812496,0.0769846,0.0909648,0.0933343,0.111669,0.118287,0.130418,0.133699,0.140573,0.145122,0.155132,0.164504,0.181154,0.189202,0.189728,0.206855,0.213303,0.22345,0.230051,0.238197,0.243408,0.245302,0.246946,0.248143,0.250365
71,0.250057,0.249145,0.247489,0.248088,0.246446,0.234724,0.222969,0.173778,0.198255,0.116362,0.10614,0.0635917,0.0504489,0.0280814,0.0166536,0.00983428,0.00507658,0.00283227,0.00130674,0.000671015,0.000372225,0.000172808,0.000112058,4.56817e-05,2.29839e-05,1.54498e-05,1.06813e-05,7.91562e-06,4.10086e-06,6.29435e-06,4.86381e-06,6.77119e-06,1.46868e-05,0.000108911,0.000388724,0.00269427,0.00667797,0.0113175,0.0399172,0.0408203,0.04444,0.0694879,0.0707016,0.0949207,0.102249,0.12185,0.129846,0.134955,0.137383,0.146983,0.157748,0.162464,0.172131,0.184969,0.196665,0.2029,0.201982,0.217263,0.231392,0.240419,0.241985,0.243844,0.246261,0.248286,0.249566
70,0.248842,0.249448,0.244972,0.244242,0.246595,0.237171,0.218217,0.178706,0.17855,0.128319,0.099828,0.0564724,0.0393993,0.025329,0.0149395,0.00941388,0.00524872,0.00233492,0.00118505,0.000515373,0.000263313,0.000153258,2.91829e-05,2.9469e-05,1.15396e-05,9.15541e-06,2.7657e-06,4.00549e-06,1.43053e-06,4.95918e-06,1.71664e-06,9.34615e-06,1.6022e-05,6.86656e-05,0.000441463,0.00272974,0.00533751,0.00844932,0.018744,0.0312694,0.0375158,0.067791,0.0800304,0.0894404,0.110749,0.114875,0.121407,0.121364,0.140631,0.142672,0.15001,0.163569,0.176697,0.180939,0.193539,0.201942,0.209885,0.212527,0.233559,0.231181,0.240115,0.242911,0.246003,0.247838,0.249184
69,0.248239,0.247938,0.247938,0.240513,0.229593,0.236623,0.231017,0.203474,0.145608,0.115476,0.0876512,0.0568644,0.0405419,0.0263439,0.0174839,0.00749632,0.00378519,0.00168917,0.00121033,0.000432975,0.000176814,5.76982e-05,6.12268e-05,2.05043e-05,1.74525e-05,4.67308e-06,5.62676e-06,3.24254e-06,1.43053e-06,4.19623e-06,2.86107e-06,3.0518e-06,8.01099e-06,3.86244e-05,0.00036183,0.00136244,0.00428559,0.0103128,0.0162318,0.0259319,0.0580698,0.0449988,0.0931013,0.0994928,0.110155,0.120168,0.113593,0.126622,0.135497,0.14185,0.145749,0.158177,0.162386,0.177974,0.182188,0.190163,0.212851,0.219057,0.223913,0.232806,0.239407,0.240385,0.246087,0.24744,0.249186
68,0.2496,0.24854,0.248842,0.246743,0.237721,0.237446,0.209726,0.199025,0.127798,0.093879,0.0712338,0.0532979,0.0383408,0.0207959,0.0115458,0.00620785,0.00289006,0.00215133,0.000764668,0.000309854,0.000165656,6.68536e-05,3.87198e-05,1.50683e-05,5.43603e-06,3.62402e-06,3.71939e-06,3.71939e-06,1.71664e-06,1.81201e-06,1.43053e-06,2.19348e-06,4.95918e-06,2.1458e-05,0.000182536,0.000811494,0.00287366,0.00722668,0.0170697,0.0227303,0.0316173,0.0573865,0.0556333,0.0849672,0.08924,0.107841,0.119599,0.124805,0.135424,0.142067,0.14759,0.149291,0.173602,0.178362,0.18175,0.196621,0.19813,0.218565,0.221206,0.233688,0.232562,0.241228,0.245693,0.248742,0.248929
67,0.2496,0.247041,0.247938,0.241506,0.242794,0.23392,0.179253,0.198159,0.141483,0.119241,0.0805971,0.0583717,0.0256237,0.0162532,0.011403,0.00520609,0.00239214,0.00143692,0.000699245,0.000280385,0.000157931,6.46601e-05,2.05997e-05,1.48775e-05,6.96193e-06,3.91012e-06,1.04906e-06,1.62127e-06,1.04906e-06,3.81476e-07,1.43053e-06,2.38422e-06,2.86107e-06,1.32563e-05,8.92653e-05,0.000683795,0.00247721,0.00698902,0.0180309,0.0190563,0.0414281,0.0384128,0.062372,0.086932,0.100471,0.0958418,0.109484,0.12117,0.125449,0.13875,0.149342,0.156694,0.161057,0.162852,0.181344,0.186459,0.207266,0.216268,0.219234,0.229861,0.234836,0.240419,0.244073,0.246189,0.248432
66,0.250057,0.249145,0.23883,0.24615,0.242507,0.199899,0.193023,0.198929,0.135717,0.132341,0.0771509,0.0414108,0.0271076,0.0165889,0.00841566,0.00463054,0.00229286,0.00118057,0.000602159,0.000225452,0.000107862,5.5314e-05,1.79294e-05,1.17304e-05,4.19623e-06,1.81201e-06,1.04906e-06,2.86107e-07,9.53689e-07,4.76844e-07,7.62951e-07,4.76844e-07,1.33516e-06,4.76844e-06,5.76982e-05,0.000295548,0.0019439,0.00479753,0.0108201,0.0133334,0.0229696,0.0416423,0.0571357,0.0643949,0.0788671,0.0888165,0.118249,0.122274,0.124032,0.128598,0.149449,0.151071,0.150888,0.168597,0.169223,0.183542,0.197409,0.211584,0.214872,0.225512,0.233914,0.238362,0.243008,0.245368,0.248921
65,0.249448,0.2496,0.247041,0.244534,0.230757,0.205516,0.203272,0.193296,0.10245,0.126652,0.0623811,0.0444053,0.0297088,0.0158832,0.00886116,0.00394522,0.00213598,0.000935569,0.000495918,0.000172045,7.66766e-05,2.61311e-05,1.55451e-05,4.67308e-06,8.5832e-07,1.04906e-06,1.33516e-06,4.76844e-07,8.5832e-07,6.67582e-07,2.86107e-07,2.86107e-07,1.62127e-06,5.5314e-06,3.93874e-05,0.000226215,0.00113804,0.00374113,0.00767862,0.0220721,0.024089,0.0381191,0.0564037,0.0583409,0.0826355,0.0907906,0.1129,0.10236,0.124873,0.132909,0.131405,0.142423,0.156716,0.167553,0.170113,0.185632,0.191229,0.196962,0.225937,0.222387,0.237519,0.239714,0.242461,0.245432,0.247625
64,0.249145,0.245707,0.246446,0.243227,0.21501,0.222484,0.197585,0.132212,0.140609,0.0986974,0.0661383,0.0403422,0.0238831,0.0111183,0.0063642,0.00326247,0.00154231,0.000815309,0.000277047,0.000164225,5.80797e-05,3.18532e-05,9.06004e-06,4.10086e-06,1.81201e-06,9.53689e-07,7.62951e-07,7.62951e-07,4.76844e-07,3.81476e-07,2.86107e-07,1.90738e-07,8.5832e-07,3.14717e-06,1.74525e-05,0.000142481,0.000801385,0.00239147,0.00714169,0.011952,0.0220908,0.0428598,0.0541653,0.07239,0.0672234,0.0844852,0.095286,0.113716,0.124178,0.125556,0.131146,0.14085,0.148968,0.152195,0.163915,0.17857,0.206183,0.207601,0.207887,0.22487,0.226238,0.236311,0.239734,0.244971,0.246076
63,0.248389,0.243371,0.246446,0.218217,0.227048,0.188579,0.201572,0.130444,0.14916,0.0944418,0.049325,0.0290267,0.018197,0.0124725,0.00493877,0.00261921,0.00092174,0.00053893,0.000291829,0.000153449,4.92103e-05,1.93599e-05,8.77394e-06,3.62402e-06,1.71664e-06,6.67582e-07,2.86107e-07,2.86107e-07,2.86107e-07,1.90738e-07,1.90738e-07,1.90738e-07,3.81476e-07,7.62951e-07,9.06004e-06,8.70718e-05,0.000641356,0.00125544,0.00530032,0.00907357,0.0174678,0.0310799,0.0314268,0.0565766,0.0786674,0.073861,0.0941546,0.111005,0.114476,0.126665,0.131889,0.140196,0.152584,0.154617,0.165622,0.171139,0.187467,0.197972,0.209505,0.212886,0.223902,0.232332,0.240827,0.242907,0.247661
62,0.247489,0.24265,0.237034,0.239109,0.229464,0.206657,0.145867,0.164166,0.0960812,0.0711472,0.0486108,0.0340704,0.0163649,0.00928604,0.00481403,0.00279955,0.000922789,0.000392538,0.000185969,0.000110342,4.18669e-05,1.09674e-05,5.62676e-06,1.81201e-06,6.67582e-07,5.72213e-07,3.81476e-07,2.86107e-07,1.90738e-07,1.90738e-07,1.90738e-07,1.90738e-07,1.90738e-07,2.86107e-07,9.53689e-06,4.37743e-05,0.000423533,0.0016309,0.00425593,0.00812355,0.0147422,0.0243916,0.0409508,0.0608506,0.0762053,0.0864525,0.090403,0.105551,0.11398,0.118801,0.129333,0.135319,0.143354,0.16002,0.166704,0.175205,0.177188,0.19681,0.207845,0.214236,0.228574,0.230289,0.240501,0.244901,0.247475
61,0.246446,0.246002,0.233254,0.213999,0.231671,0.202269,0.189102,0.164034,0.0824299,0.0682657,0.0519856,0.0276641,0.0172345,0.00867591,0.00437247,0.00213731,0.000927272,0.000291543,0.00010977,6.92378e-05,2.39376e-05,1.02045e-05,2.86107e-06,1.04906e-06,8.5832e-07,5.72213e-07,1.90738e-07,1.90738e-07,1.90738e-07,1.90738e-07,1.90738e-07,1.90738e-07,1.90738e-07,2.86107e-07,4.38697e-06,4.14855e-05,0.000350958,0.000963035,0.00218338,0.00656052,0.0149991,0.0174535,0.0335826,0.0432,0.0602647,0.0786294,0.103142,0.0993097,0.113315,0.118955,0.129225,0.138567,0.14142,0.150264,0.161433,0.172299,0.182917,0.191851,0.206555,0.221692,0.227007,0.235984,0.240587,0.244031,0.247508
60,0.247788,0.242077,0.243227,0.230627,0.210805,0.167045,0.189627,0.143667,0.111515,0.0573822,0.0495517,0.0258094,0.016492,0.00777832,0.00330911,0.00193256,0.000581846,0.000254349,0.00016928,5.66491e-05,1.00137e-05,5.34066e-06,3.14717e-06,8.5832e-07,4.76844e-07,2.86107e-07,2.86107e-07,1.90738e-07,1.90738e-07,1.90738e-07,1.90738e-07,1.90738e-07,1.90738e-07,1.90738e-07,1.71664e-06,2.11719e-05,0.000152018,0.000694285,0.0019542,0.00671673,0.0108687,0.0263089,0.0326328,0.0416476,0.0506729,0.0635439,0.0863652,0.101025,0.103045,0.110726,0.125074,0.138734,0.140471,0.143932,0.162712,0.167294,0.185598,0.189839,0.20626,0.206051,0.217919,0.226386,0.236605,0.244618,0.244879
59,0.24556,0.243516,0.243082,0.231933,0.189539,0.209726,0.175791,0.142418,0.112033,0.060341,0.0354351,0.0212303,0.0118518,0.00580158,0.00346656,0.000922313,0.000608644,0.000248817,0.000108434,6.13222e-05,1.30655e-05,4.2916e-06,1.14443e-06,3.81476e-07,6.67582e-07,1.90738e-07,1.90738e-07,1.90738e-07,1.90738e-07,1.90738e-07,1.90738e-07,1.90738e-07,1.90738e-07,2.86107e-07,1.14443e-06,2.64172e-05,8.33524e-05,0.000443561,0.00130665,0.00437533,0.00795367,0.0121343,0.030804,0.0386019,0.0585792,0.073025,0.0714813,0.07914,0.0980042,0.111776,0.12437,0.124181,0.136105,0.146112,0.15824,0.165187,0.180482,0.192226,0.19923,0.21001,0.221238,0.225907,0.234602,0.237623,0.24255
58,0.245707,0.246298,0.233121,0.237034,0.208657,0.207494,0.13128,0.117835,0.0787681,0.0582555,0.0354382,0.0195932,0.0110377,0.00508917,0.00268874,0.00106813,0.000446231,0.000154784,8.65949e-05,2.89921e-05,8.01099e-06,2.7657e-06,3.81476e-07,3.81476e-07,1.90738e-07,1.90738e-07,1.90738e-07,1.90738e-07,1.90738e-07,1.90738e-07,1.90738e-07,1.90738e-07,1.90738e-07,2.86107e-07,4.76844e-07,5.14992e-06,8.02052e-05,0.000337034,0.00121242,0.00335155,0.00634483,0.0134691,0.0291684,0.0400759,0.042066,0.0635993,0.0777345,0.0977778,0.112986,0.107672,0.123566,0.129184,0.135219,0.147244,0.15446,0.164802,0.163255,0.185353,0.194302,0.208945,0.216726,0.223469,0.226742,0.233598,0.244701
57,0.247638,0.239809,0.224928,0.231409,0.219504,0.182854,0.15187,0.0978252,0.0919197,0.0488718,0.0309853,0.0174341,0.0078001,0.00439937,0.0017505,0.000800431,0.000455196,0.000143244,4.7303e-05,2.26978e-05,2.47959e-06,1.04906e-06,5.72213e-07,1.90738e-07,2.86107e-07,1.90738e-07,1.90738e-07,1.90738e-07,1.90738e-07,1.90738e-07,1.90738e-07,1.90738e-07,1.90738e-07,1.90738e-07,1.90738e-07,5.05455e-06,3.0518e-05,0.000241474,0.00100128,0.00262865,0.00646411,0.0107071,0.0181375,0.0312036,0.0431346,0.0595546,0.0597013,0.0763566,0.0997033,0.108811,0.110193,0.124881,0.134139,0.139183,0.152122,0.161116,0.1743,0.175113,0.194156,0.205046,0.216199,0.221083,0.233597,0.238166,0.243404
56,0.247339,0.240654,0.235534,0.225299,0.221044,0.147655,0.147071,0.0875388,0.0939005,0.0439008,0.0298931,0.0162107,0.00775579,0.00384136,0.00181649,0.000727379,0.000409705,0.000123121,4.63493e-05,1.31609e-05,5.05455e-06,8.5832e-07,4.76844e-07,2.86107e-07,1.90738e-07,1.90738e-07,1.90738e-07,1.90738e-07,1.90738e-07,1.90738e-07,1.90738e-07,1.90738e-07,1.90738e-07,1.90738e-07,1.90738e-07,4.76844e-06,2.88968e-05,0.000191596,0.000729286,0.00199102,0.00453298,0.00898797,0.0150712,0.0198877,0.0303236,0.0478674,0.0701766,0.0910477,0.100058,0.10491,0.10857,0.129584,0.124998,0.137259,0.145051,0.15447,0.167767,0.182348,0.192213,0.202067,0.212015,0.223753,0.223845,0.241717,0.244663
55,0.238136,0.241791,0.237034,0.220924,0.175565,0.170664,0.115022,0.0826295,0.0732989,0.0519131,0.0262612,0.0118593,0.00741758,0.0027759,0.00129864,0.000583085,0.000254635,7.56275e-05,3.04227e-05,1.20165e-05,3.71939e-06,1.04906e-06,4.76844e-07,1.90738e-07,1.90738e-07,1.90738e-07,1.90738e-07,1.90738e-07,1.90738e-07,1.90738e-07,1.90738e-07,1.90738e-07,1.90738e-07,1.90738e-07,1.90738e-07,1.90738e-06,1.58312e-05,0.000117113,0.000343709,0.000922408,0.00340524,0.0101415,0.0160462,0.0249214,0.0307178,0.038419,0.0667201,0.0657131,0.079614,0.0927142,0.119763,0.123158,0.131667,0.139148,0.148181,0.150649,0.162866,0.173498,0.186742,0.197027,0.204866,0.212904,0.225833,0.235478,0.23489
54,0.243951,0.240372,0.225672,0.186348,0.164364,0.172752,0.105159,0.0981299,0.0661383,0.0367481,0.0197082,0.0126524,0.0054283,0.00226864,0.00124399,0.000524529,0.000165179,5.35973e-05,1.65942e-05,6.58045e-06,3.52865e-06,1.90738e-07,2.86107e-07,1.90738e-07,1.90738e-07,1.90738e-07,1.90738e-07,1.90738e-07,1.90738e-07,1.90738e-07,1.90738e-07,1.90738e-07,1.90738e-07,1.90738e-07,1.90738e-07,8.5832e-07,8.20172e-06,8.66903e-05,0.00022221,0.000801194,0.00253462,0.00465782,0.00965944,0.0163778,0.0331826,0.0474903,0.0592918,0.0733342,0.0807409,0.106083,0.107666,0.121427,0.126189,0.129921,0.142435,0.154977,0.162769,0.172468,0.195506,0.192005,0.204032,0.21674,0.230966,0.234497,0.240198
53,0.24222,0.229722,0.192298,0.194674,0.189102,0.175565,0.099901,0.0934506,0.0612523,0.0353404,0.0189839,0.00874201,0.00379435,0.0020304,0.000922503,0.000293832,0.000137713,3.86244e-05,1.64988e-05,7.62951e-06,1.33516e-06,3.81476e-07,1.90738e-07,1.90738e-07,1.90738e-07,1.90738e-07,1.90738e-07,1.90738e-07,1.90738e-07,1.90738e-07,1.90738e-07,1.90738e-07,1.90738e-07,1.90738e-07,1.90738e-07,2.86107e-07,5.43603e-06,3.27115e-05,0.000164225,0.000769532,0.00182937,0.00446193,0.00747364,0.0167795,0.0259278,0.0440694,0.047301,0.0747171,0.0696272,0.102444,0.0916298,0.113184,0.119686,0.132496,0.132072,0.14175,0.16388,0.161486,0.176491,0.184255,0.201995,0.213977,0.226071,0.227478,0.243488
52,0.230109,0.21845,0.227679,0.173117,0.171235,0.144274,0.141826,0.0770204,0.0541219,0.0326059,0.0148604,0.00809787,0.0037685,0.00164549,0.000776112,0.000292878,9.01236e-05,2.97551e-05,1.02045e-05,3.33791e-06,1.14443e-06,1.90738e-07,1.90738e-07,1.90738e-07,1.90738e-07,1.90738e-07,1.90738e-07,1.90738e-07,1.90738e-07,1.90738e-07,1.90738e-07,1.90738e-07,1.90738e-07,1.90738e-07,1.90738e-07,2.86107e-07,1.62127e-06,2.70848e-05,9.84207e-05,0.000347333,0.00123779,0.00354219,0.00673274,0.0151415,0.0190045,0.0322475,0.0541325,0.0578751,0.0789843,0.082275,0.110115,0.106663,0.118175,0.12682,0.135862,0.148559,0.153175,0.164714,0.1744,0.182612,0.193675,0.213478,0.215291,0.233189,0.243699
51,0.238275,0.225672,0.22998,0.179804,0.181156,0.116693,0.0948794,0.0897839,0.0471286,0.027625,0.0134101,0.00816893,0.00390354,0.00151904,0.000475891,0.000235084,5.83658e-05,2.29839e-05,6.67582e-06,2.7657e-06,8.5832e-07,1.90738e-07,1.90738e-07,1.90738e-07,1.90738e-07,1.90738e-07,1.90738e-07,1.90738e-07,1.90738e-07,1.90738e-07,1.90738e-07,1.90738e-07,1.90738e-07,1.90738e-07,1.90738e-07,1.90738e-07,1.04906e-06,1.58312e-05,4.45373e-05,0.000354868,0.000916495,0.00259098,0.00495956,0.0108967,0.0218319,0.0302936,0.0321538,0.0513834,0.0619806,0.0865313,0.0856833,0.115889,0.122521,0.126212,0.129178,0.138922,0.150192,0.162433,0.162405,0.19057,0.194339,0.207708,0.222775,0.230251,0.231472
50,0.242507,0.230887,0.216031,0.203071,0.181316,0.110106,0.0786925,0.0644523,0.0424803,0.0272772,0.0128529,0.00674993,0.00295167,0.00132973,0.000450046,0.000148013,7.53414e-05,2.30793e-05,7.0573e-06,2.95644e-06,4.76844e-07,1.90738e-07,1.90738e-07,1.90738e-07,1.90738e-07,1.90738e-07,1.90738e-07,1.90738e-07,1.90738e-07,1.90738e-07,1.90738e-07,1.90738e-07,1.90738e-07,1.90738e-07,1.90738e-07,1.90738e-07,5.72213e-07,1.18257e-05,3.91966e-05,0.000161746,0.000826562,0.0016393,0.00424334,0.00919633,0.0168501,0.0283793,0.0319006,0.0522862,0.0633942,0.0842788,0.0945472,0.0951565,0.109857,0.124876,0.133633,0.136969,0.14598,0.154691,0.179182,0.185301,0.200412,0.203758,0.22063,0.223569,0.234156
49,0.238413,0.231671,0.179804,0.206553,0.142666,0.106499,0.11454,0.0624953,0.033634,0.0199735,0.0127632,0.0050968,0.00238766,0.00098249,0.000417525,0.000107195,3.91966e-05,1.67849e-05,4.95918e-06,2.09812e-06,1.90738e-07,1.90738e-07,1.90738e-07,1.90738e-07,1.90738e-07,1.90738e-07,1.90738e-07,1.90738e-07,1.90738e-07,1.90738e-07,1.90738e-07,1.90738e-07,1.90738e-07,1.90738e-07,1.90738e-07,1.90738e-07,1.04906e-06,4.86381e-06,3.26162e-05,9.25078e-05,0.00050288,0.00140621,0.00408389,0.0103787,0.0164237,0.0211588,0.0507064,0.0531769,0.0717978,0.0898263,0.0909995,0.103549,0.115255,0.116137,0.129596,0.138415,0.147159,0.152087,0.171236,0.169483,0.186815,0.189427,0.208867,0.225497,0.239599
48,0.235264,0.224067,0.200978,0.176169,0.131745,0.132042,0.0959686,0.0541362,0.0385755,0.020978,0.0110966,0.00407816,0.00196412,0.000819219,0.000346475,9.15541e-05,5.0927e-05,8.48783e-06,2.95644e-06,1.04906e-06,5.72213e-07,1.90738e-07,1.90738e-07,1.90738e-07,1.90738e-07,1.90738e-07,1.90738e-07,1.90738e-07,1.90738e-07,1.90738e-07,1.90738e-07,1.90738e-07,1.90738e-07,1.90738e-07,1.90738e-07,1.90738e-07,3.81476e-07,6.77119e-06,2.63218e-05,9.34615e-05,0.00033875,0.00136864,0.00319972,0.00717786,0.0104531,0.0265843,0.0287833,0.040198,0.0532757,0.0813029,0.0849905,0.100645,0.107455,0.116202,0.127806,0.133469,0.146771,0.157221,0.162405,0.175821,0.179634,0.206578,0.20847,0.224455,0.235958
47,0.237308,0.229851,0.21501,0.185002,0.154797,0.131957,0.0757806,0.0489477,0.0283791,0.0174638,0.00859616,0.0043513,0.00179942,0.00056878,0.000275902,9.52735e-05,2.2221e-05,8.01099e-06,1.81201e-06,1.2398e-06,3.81476e-07,1.90738e-07,1.90738e-07,1.90738e-07,1.90738e-07,1.90738e-07,1.90738e-07,1.90738e-07,1.90738e-07,1.90738e-07,1.90738e-07,1.90738e-07,1.90738e-07,1.90738e-07,1.90738e-07,1.90738e-07,1.90738e-07,1.62127e-06,9.63226e-06,6.91424e-05,0.00025206,0.000922217,0.00240558,0.0049299,0.0114604,0.0234931,0.034949,0.0374465,0.0650335,0.0552393,0.0957374,0.102607,0.106209,0.109821,0.120723,0.134843,0.14248,0.150558,0.167842,0.171335,0.188712,0.204441,0.200693,0.220012,0.235695
46,0.228186,0.226045,0.189102,0.180597,0.156692,0.11188,0.0859409,0.0442136,0.0293912,0.0144107,0.00683737,0.0032105,0.00142529,0.000497539,0.000198272,6.20851e-05,2.36515e-05,6.96193e-06,1.14443e-06,3.81476e-07,3.81476e-07,1.90738e-07,1.90738e-07,1.90738e-07,1.90738e-07,1.90738e-07,1.90738e-07,1.90738e-07,1.90738e-07,1.90738e-07,1.90738e-07,1.90738e-07,1.90738e-07,1.90738e-07,1.90738e-07,1.90738e-07,1.90738e-07,1.14443e-06,5.72213e-06,5.50278e-05,0.000186255,0.000799573,0.00198692,0.0041804,0.00868873,0.0124785,0.0263284,0.0329423,0.0433326,0.0656474,0.07561,0.0929806,0.103683,0.120159,0.117828,0.133477,0.138223,0.14411,0.158587,0.171929,0.189054,0.194134,0.205043,0.215072,0.229811
45,0.20531,0.192659,0.163838,0.148727,0.13644,0.116362,0.0725974,0.0499019,0.02568,0.0137781,0.00664051,0.00253386,0.00131237,0.00044585,0.000197604,5.39788e-05,1.5259e-05,3.91012e-06,1.04906e-06,2.86107e-07,1.90738e-07,1.90738e-07,1.90738e-07,1.90738e-07,1.90738e-07,1.90738e-07,1.90738e-07,1.90738e-07,1.90738e-07,1.90738e-07,1.90738e-07,1.90738e-07,1.90738e-07,1.90738e-07,1.90738e-07,1.90738e-07,1.90738e-07,6.67582e-07,6.19898e-06,2.77523e-05,0.00017443,0.00064374,0.00123922,0.00397841,0.00770535,0.0149411,0.0211191,0.0342819,0.0432071,0.0541535,0.0643896,0.0912011,0.0993014,0.106147,0.116975,0.126959,0.142983,0.149356,0.15533,0.172391,0.171517,0.185755,0.207403,0.215086,0.23746
44,0.219975,0.197871,0.190509,0.133245,0.102373,0.105132,0.0699205,0.0453443,0.02349,0.0109762,0.00604219,0.00205262,0.00102865,0.000374895,0.00012665,3.46189e-05,5.91287e-06,3.33791e-06,3.81476e-07,2.86107e-07,1.90738e-07,1.90738e-07,1.90738e-07,1.90738e-07,1.90738e-07,1.90738e-07,1.90738e-07,1.90738e-07,1.90738e-07,1.90738e-07,1.90738e-07,1.90738e-07,1.90738e-07,1.90738e-07,1.90738e-07,1.90738e-07,1.90738e-07,7.62951e-07,5.05455e-06,1.93599e-05,9.51781e-05,0.00044089,0.0010338,0.003297,0.00570344,0.0124537,0.0179489,0.0312593,0.045294,0.0715013,0.075782,0.0911873,0.0879353,0.105326,0.122838,0.127157,0.138894,0.142857,0.154579,0.168825,0.179196,0.189394,0.201713,0.217785,0.227479
43,0.208021,0.209511,0.195604,0.160185,0.10194,0.0838473,0.0596034,0.0371717,0.0177199,0.0095956,0.00508402,0.00179732,0.000811494,0.000265984,0.000102998,2.46052e-05,1.07767e-05,3.62402e-06,5.72213e-07,2.86107e-07,1.90738e-07,1.90738e-07,1.90738e-07,1.90738e-07,1.90738e-07,1.90738e-07,1.90738e-07,1.90738e-07,1.90738e-07,1.90738e-07,1.90738e-07,1.90738e-07,1.90738e-07,1.90738e-07,1.90738e-07,1.90738e-07,1.90738e-07,2.86107e-07,2.09812e-06,1.07767e-05,7.10498e-05,0.000331979,0.000889601,0.00228132,0.00517414,0.00824353,0.0179013,0.0209806,0.0478916,0.057123,0.0616073,0.0745889,0.0928336,0.107193,0.112447,0.124001,0.128274,0.146436,0.149172,0.168643,0.177055,0.187685,0.197561,0.210771,0.225466
42,0.203273,0.190864,0.180597,0.119415,0.126107,0.0719723,0.0468162,0.0315631,0.0188086,0.00813244,0.00406882,0.00182431,0.000673114,0.000176623,7.00008e-05,1.85969e-05,4.95918e-06,1.04906e-06,5.72213e-07,1.90738e-07,1.90738e-07,1.90738e-07,1.90738e-07,1.90738e-07,1.90738e-07,1.90738e-07,1.90738e-07,1.90738e-07,1.90738e-07,1.90738e-07,1.90738e-07,1.90738e-07,1.90738e-07,1.90738e-07,1.90738e-07,1.90738e-07,1.90738e-07,1.90738e-07,1.90738e-06,1.2398e-05,4.76844e-05,0.000239471,0.000530251,0.00197137,0.00441291,0.0078699,0.0139014,0.0200839,0.0315107,0.0503306,0.0589485,0.0790568,0.090375,0.0998589,0.111504,0.120386,0.124814,0.139975,0.149048,0.156566,0.171379,0.17801,0.203404,0.217693,0.222599
41,0.216487,0.201077,0.145711,0.150144,0.123932,0.0826962,0.0480519,0.0291693,0.0162114,0.00775227,0.00326057,0.00149987,0.000467021,0.000175383,7.98238e-05,1.89784e-05,3.52865e-06,1.14443e-06,5.72213e-07,1.90738e-07,1.90738e-07,1.90738e-07,1.90738e-07,1.90738e-07,1.90738e-07,1.90738e-07,1.90738e-07,1.90738e-07,1.90738e-07,1.90738e-07,1.90738e-07,1.90738e-07,1.90738e-07,1.90738e-07,1.90738e-07,1.90738e-07,1.90738e-07,1.90738e-07,7.62951e-07,8.29709e-06,3.65263e-05,0.000120832,0.000555524,0.00185283,0.00327583,0.00686428,0.0130156,0.0166972,0.0317719,0.0454567,0.0592912,0.073983,0.0786402,0.0945787,0.11217,0.118123,0.131269,0.135334,0.142036,0.151638,0.163509,0.18381,0.193,0.211707,0.230824
40,0.22617,0.20029,0.157901,0.16286,0.0959686,0.0643814,0.038601,0.0227819,0.013703,0.00659018,0.00290217,0.00086986,0.000370508,0.000130655,3.83383e-05,1.26841e-05,3.0518e-06,2.86107e-07,2.86107e-07,1.90738e-07,1.90738e-07,1.90738e-07,1.90738e-07,1.90738e-07,1.90738e-07,1.90738e-07,1.90738e-07,1.90738e-07,1.90738e-07,1.90738e-07,1.90738e-07,1.90738e-07,1.90738e-07,1.90738e-07,1.90738e-07,1.90738e-07,1.90738e-07,1.90738e-07,1.90738e-07,4.2916e-06,2.07904e-05,7.70581e-05,0.000460918,0.00114109,0.00286183,0.00570783,0.0115489,0.0206659,0.0312365,0.0410669,0.0599276,0.0706719,0.0878812,0.104246,0.107141,0.118596,0.129734,0.13604,0.144657,0.15089,0.166081,0.174756,0.185244,0.209892,0.226537
39,0.214224,0.196826,0.159127,0.139413,0.0840366,0.0636906,0.033781,0.0199355,0.0126345,0.005556,0.00232214,0.000815213,0.00024691,9.47967e-05,2.69894e-05,8.29709e-06,2.09812e-06,5.72213e-07,1.90738e-07,1.90738e-07,1.90738e-07,1.90738e-07,1.90738e-07,1.90738e-07,1.90738e-07,1.90738e-07,1.90738e-07,1.90738e-07,1.90738e-07,1.90738e-07,1.90738e-07,1.90738e-07,1.90738e-07,1.90738e-07,1.90738e-07,1.90738e-07,1.90738e-07,1.90738e-07,3.81476e-07,1.62127e-06,1.49729e-05,4.63493e-05,0.000242237,0.000909819,0.00175116,0.00487793,0.00928598,0.0167454,0.0231005,0.0360784,0.0472693,0.0737399,0.0834796,0.101773,0.102541,0.115756,0.124192,0.127999,0.142671,0.154978,0.161348,0.177863,0.189266,0.20474,0.230208
38,0.214,0.167523,0.169114,0.10908,0.07666,0.0595168,0.033128,0.0189944,0.00919391,0.00424516,0.00196622,0.000749218,0.000234035,9.53689e-05,2.25071e-05,4.67308e-06,1.43053e-06,1.90738e-07,1.90738e-07,1.90738e-07,1.90738e-07,1.90738e-07,1.90738e-07,1.90738e-07,1.90738e-07,1.90738e-07,1.90738e-07,1.90738e-07,1.90738e-07,1.90738e-07,1.90738e-07,1.90738e-07,1.90738e-07,1.90738e-07,1.90738e-07,1.90738e-07,1.90738e-07,1.90738e-07,1.90738e-07,8.5832e-07,8.77394e-06,5.25483e-05,0.000206855,0.000699149,0.00176804,0.00417964,0.00769253,0.0127509,0.0262034,0.0352936,0.0442289,0.0669295,0.0765498,0.0878513,0.105193,0.114954,0.122392,0.130065,0.142478,0.150141,0.15498,0.164345,0.19515,0.200281,0.221852
37,0.207496,0.182447,0.128118,0.130527,0.0897839,0.0555985,0.0285114,0.0177923,0.00876483,0.0040279,0.0015075,0.000440795,0.000172999,5.21668e-05,2.31746e-05,4.48234e-06,8.5832e-07,2.86107e-07,1.90738e-07,1.90738e-07,1.90738e-07,1.90738e-07,1.90738e-07,1.90738e-07,1.90738e-07,1.90738e-07,1.90738e-07,1.90738e-07,1.90738e-07,1.90738e-07,1.90738e-07,1.90738e-07,1.90738e-07,1.90738e-07,1.90738e-07,1.90738e-07,1.90738e-07,1.90738e-07,1.90738e-07,5.72213e-07,5.91287e-06,2.55589e-05,0.000183967,0.000513657,0.00170176,0.00360676,0.00627633,0.0134469,0.0160926,0.0283617,0.0405074,0.0540553,0.0789639,0.0857506,0.100512,0.109022,0.125397,0.131332,0.137034,0.143579,0.156851,0.162376,0.186742,0.193823,0.219003
36,0.173414,0.166637,0.116893,0.10136,0.0738008,0.0519131,0.0283594,0.0169971,0.00759473,0.0032764,0.00130751,0.000506123,0.00017443,5.57908e-05,1.93599e-05,2.09812e-06,5.72213e-07,1.90738e-07,1.90738e-07,1.90738e-07,1.90738e-07,1.90738e-07,1.90738e-07,1.90738e-07,1.90738e-07,1.90738e-07,1.90738e-07,1.90738e-07,1.90738e-07,1.90738e-07,1.90738e-07,1.90738e-07,1.90738e-07,1.90738e-07,1.90738e-07,1.90738e-07,1.90738e-07,1.90738e-07,1.90738e-07,4.76844e-07,4.95918e-06,1.94553e-05,8.93606e-05,0.000411994,0.000857557,0.00244068,0.00565747,0.0111833,0.0157481,0.0269975,0.0455449,0.0492092,0.0802218,0.0780856,0.0926853,0.111547,0.11411,0.129126,0.136773,0.140343,0.159245,0.167221,0.187267,0.208975,0.224156
35,0.180443,0.139841,0.135448,0.0899614,0.0671686,0.0459187,0.0282051,0.0122984,0.00654125,0.00253586,0.000874247,0.000329213,0.000143435,2.26024e-05,1.09674e-05,3.0518e-06,3.81476e-07,1.90738e-07,1.90738e-07,1.90738e-07,1.90738e-07,1.90738e-07,1.90738e-07,1.90738e-07,1.90738e-07,1.90738e-07,1.90738e-07,1.90738e-07,1.90738e-07,1.90738e-07,1.90738e-07,1.90738e-07,1.90738e-07,1.90738e-07,1.90738e-07,1.90738e-07,1.90738e-07,1.90738e-07,1.90738e-07,3.81476e-07,2.38422e-06,1.61173e-05,6.09407e-05,0.00028439,0.000901236,0.00175889,0.00529517,0.0100744,0.0176094,0.0250352,0.0358581,0.0566926,0.0675801,0.0952409,0.0904993,0.104664,0.114189,0.123375,0.13055,0.144901,0.153744,0.163979,0.174571,0.192793,0.218283
34,0.196737,0.148189,0.14227,0.0865035,0.0623621,0.039651,0.0228518,0.0143221,0.0058135,0.0025763,0.000785363,0.000262646,0.000109007,2.28885e-05,7.15267e-06,1.62127e-06,6.67582e-07,1.90738e-07,1.90738e-07,1.90738e-07,1.90738e-07,1.90738e-07,1.90738e-07,1.90738e-07,1.90738e-07,1.90738e-07,1.90738e-07,1.90738e-07,1.90738e-07,1.90738e-07,1.90738e-07,1.90738e-07,1.90738e-07,1.90738e-07,1.90738e-07,1.90738e-07,1.90738e-07,1.90738e-07,1.90738e-07,3.81476e-07,1.04906e-06,8.10636e-06,2.88968e-05,0.000192168,0.000642119,0.00158808,0.00368029,0.00711777,0.0137849,0.0189103,0.0296368,0.0530937,0.0579476,0.0729711,0.0860366,0.110465,0.111356,0.122813,0.126388,0.136111,0.153738,0.160366,0.175357,0.194705,0.214096
33,0.160128,0.166165,0.125642,0.100465,0.0559097,0.033249,0.0210719,0.00983664,0.00428111,0.00188745,0.000794232,0.000148203,7.1622e-05,2.1458e-05,6.19898e-06,1.5259e-06,1.90738e-07,1.90738e-07,1.90738e-07,1.90738e-07,1.90738e-07,1.90738e-07,1.90738e-07,1.90738e-07,1.90738e-07,1.90738e-07,1.90738e-07,1.90738e-07,1.90738e-07,1.90738e-07,1.90738e-07,1.90738e-07,1.90738e-07,1.90738e-07,1.90738e-07,1.90738e-07,1.90738e-07,1.90738e-07,1.90738e-07,3.81476e-07,5.72213e-07,5.8175e-06,2.88968e-05,0.000167754,0.000569448,0.0013097,0.00368105,0.00582523,0.0147109,0.0198812,0.0338942,0.0465229,0.0609434,0.072965,0.0907828,0.0935822,0.110336,0.121736,0.131548,0.143644,0.149206,0.158196,0.181297,0.195408,0.209348
32,0.181487,0.150256,0.0987212,0.0754873,0.0540006,0.0333709,0.0173198,0.00890973,0.00345617,0.00130779,0.00059081,0.000176719,5.22621e-05,1.51637e-05,3.91012e-06,4.76844e-07,1.90738e-07,1.90738e-07,1.90738e-07,1.90738e-07,1.90738e-07,1.90738e-07,1.90738e-07,1.90738e-07,1.90738e-07,1.90738e-07,1.90738e-07,1.90738e-07,1.90738e-07,1.90738e-07,1.90738e-07,1.90738e-07,1.90738e-07,1.90738e-07,1.90738e-07,1.90738e-07,1.90738e-07,1.90738e-07,1.90738e-07,1.90738e-07,1.14443e-06,4.76844e-06,1.83108e-05,9.97559e-05,0.000411994,0.00116951,0.00278258,0.00480325,0.00936438,0.0159071,0.0306973,0.0376358,0.050971,0.0689189,0.0910451,0.102753,0.109612,0.115818,0.122075,0.134622,0.141896,0.163735,0.171604,0.192546,0.225959
31,0.186619,0.15527,0.0946382,0.0905581,0.0474727,0.0295246,0.015525,0.00733037,0.00330816,0.00137083,0.000368029,0.000123312,2.97551e-05,8.01099e-06,2.28885e-06,3.81476e-07,2.86107e-07,1.90738e-07,1.90738e-07,1.90738e-07,1.90738e-07,1.90738e-07,1.90738e-07,1.90738e-07,1.90738e-07,1.90738e-07,1.90738e-07,1.90738e-07,1.90738e-07,1.90738e-07,1.90738e-07,1.90738e-07,1.90738e-07,1.90738e-07,1.90738e-07,1.90738e-07,1.90738e-07,1.90738e-07,1.90738e-07,1.90738e-07,2.86107e-07,2.67033e-06,1.44007e-05,7.53414e-05,0.000359636,0.00089828,0.0017236,0.00443599,0.00907263,0.0146256,0.0221281,0.0429721,0.0569606,0.0712576,0.09096,0.0974609,0.109811,0.117033,0.128437,0.135762,0.14404,0.155269,0.17226,0.19099,0.219459
30,0.177338,0.149001,0.0933016,0.0813494,0.0462088,0.0274399,0.0129109,0.00657242,0.00277295,0.00108577,0.000343709,7.88701e-05,2.88968e-05,8.67857e-06,3.14717e-06,1.90738e-07,1.90738e-07,1.90738e-07,1.90738e-07,1.90738e-07,1.90738e-07,1.90738e-07,1.90738e-07,1.90738e-07,1.90738e-07,1.90738e-07,1.90738e-07,1.90738e-07,1.90738e-07,1.90738e-07,1.90738e-07,1.90738e-07,1.90738e-07,1.90738e-07,1.90738e-07,1.90738e-07,1.90738e-07,1.90738e-07,1.90738e-07,1.90738e-07,1.90738e-07,2.38422e-06,8.5832e-06,5.15946e-05,0.000209621,0.00076648,0.00152094,0.00390431,0.00772856,0.0137419,0.0248159,0.0424883,0.0519882,0.057985,0.0739662,0.0941734,0.109049,0.118681,0.127074,0.1323,0.142604,0.162436,0.176202,0.204438,0.210016
29,0.173355,0.1302,0.1094,0.0651598,0.0437648,0.0239278,0.0128918,0.0058443,0.00201743,0.000768769,0.000324636,7.33387e-05,2.62264e-05,5.05455e-06,8.5832e-07,2.86107e-07,1.90738e-07,1.90738e-07,1.90738e-07,1.90738e-07,1.90738e-07,1.90738e-07,1.90738e-07,1.90738e-07,1.90738e-07,1.90738e-07,1.90738e-07,1.90738e-07,1.90738e-07,1.90738e-07,1.90738e-07,1.90738e-07,1.90738e-07,1.90738e-07,1.90738e-07,1.90738e-07,1.90738e-07,1.90738e-07,1.90738e-07,1.90738e-07,2.86107e-07,5.72213e-07,5.24529e-06,5.11177e-05,0.000167182,0.000599393,0.0014291,0.00279231,0.0072367,0.0119232,0.0231835,0.0296204,0.0475026,0.0578527,0.068947,0.0793671,0.0921986,0.108473,0.126984,0.132383,0.140199,0.152111,0.172491,0.192816,0.221108
28,0.128922,0.135857,0.0912646,0.0591985,0.0372867,0.0260706,0.0114589,0.0044481,0.00235523,0.000601015,0.000231079,5.94148e-05,1.81201e-05,4.2916e-06,8.5832e-07,1.90738e-07,1.90738e-07,1.90738e-07,1.90738e-07,1.90738e-07,1.90738e-07,1.90738e-07,1.90738e-07,1.90738e-07,1.90738e-07,1.90738e-07,1.90738e-07,1.90738e-07,1.90738e-07,1.90738e-07,1.90738e-07,1.90738e-07,1.90738e-07,1.90738e-07,1.90738e-07,1.90738e-07,1.90738e-07,1.90738e-07,1.90738e-07,1.90738e-07,1.90738e-07,7.62951e-07,5.72213e-06,2.89921e-05,0.000175288,0.000402647,0.00121452,0.00218986,0.00563392,0.0135402,0.0232933,0.034784,0.0391596,0.057548,0.07106,0.0811925,0.0879686,0.104123,0.116168,0.127657,0.142841,0.151804,0.180565,0.191461,0.215655
27,0.144624,0.12592,0.0785574,0.0567227,0.0348977,0.0209769,0.0092202,0.00447499,0.00163453,0.000665484,0.000176909,4.96872e-05,7.82025e-06,1.90738e-06,7.62951e-07,2.86107e-07,1.90738e-07,1.90738e-07,1.90738e-07,1.90738e-07,1.90738e-07,1.90738e-07,1.90738e-07,1.90738e-07,1.90738e-07,1.90738e-07,1.90738e-07,1.90738e-07,1.90738e-07,1.90738e-07,1.90738e-07,1.90738e-07,1.90738e-07,1.90738e-07,1.90738e-07,1.90738e-07,1.90738e-07,1.90738e-07,1.90738e-07,1.90738e-07,1.90738e-07,2.86107e-07,2.09812e-06,2.24117e-05,7.99191e-05,0.000280098,0.000990787,0.00204166,0.00457485,0.00962972,0.0170646,0.0234079,0.0410258,0.0466031,0.0621032,0.0819487,0.0938096,0.10769,0.11381,0.125262,0.140434,0.153265,0.170443,0.187125,0.211904
26,0.158389,0.102618,0.073352,0.0539224,0.0302977,0.0170197,0.00871486,0.00383421,0.00144722,0.00046397,0.000128748,3.748e-05,8.29709e-06,2.67033e-06,5.72213e-07,1.90738e-07,1.90738e-07,1.90738e-07,1.90738e-07,1.90738e-07,1.90738e-07,1.90738e-07,1.90738e-07,1.90738e-07,1.90738e-07,1.90738e-07,1.90738e-07,1.90738e-07,1.90738e-07,1.90738e-07,1.90738e-07,1.90738e-07,1.90738e-07,1.90738e-07,1.90738e-07,1.90738e-07,1.90738e-07,1.90738e-07,1.90738e-07,1.90738e-07,1.90738e-07,4.76844e-07,2.09812e-06,1.64034e-05,7.44831e-05,0.00021849,0.000792992,0.00197719,0.00399376,0.00918855,0.016405,0.0236482,0.0387081,0.0532144,0.064922,0.0886793,0.0899626,0.106438,0.115719,0.125769,0.136341,0.153416,0.169524,0.189037,0.212828
25,0.145844,0.0961693,0.0855288,0.0491592,0.0242637,0.0150959,0.00723852,0.00323959,0.0011408,0.000393492,0.000117685,2.17441e-05,8.5832e-06,1.14443e-06,5.72213e-07,1.90738e-07,1.90738e-07,1.90738e-07,1.90738e-07,1.90738e-07,1.90738e-07,1.90738e-07,1.90738e-07,1.90738e-07,1.90738e-07,1.90738e-07,1.90738e-07,1.90738e-07,1.90738e-07,1.90738e-07,1.90738e-07,1.90738e-07,1.90738e-07,1.90738e-07,1.90738e-07,1.90738e-07,1.90738e-07,1.90738e-07,1.90738e-07,1.90738e-07,1.90738e-07,1.90738e-07,1.33516e-06,9.25078e-06,4.09133e-05,0.000171187,0.000541028,0.00166342,0.00353056,0.0066978,0.0111429,0.022169,0.0312208,0.0516038,0.068919,0.0687368,0.0935157,0.103556,0.121579,0.119512,0.138473,0.151907,0.170629,0.192515,0.207035
24,0.145612,0.0878748,0.0773141,0.0477943,0.0281489,0.0131071,0.00589685,0.00247263,0.0010771,0.000274281,8.73579e-05,1.91691e-05,6.19898e-06,1.81201e-06,2.86107e-07,1.90738e-07,1.90738e-07,1.90738e-07,1.90738e-07,1.90738e-07,1.90738e-07,1.90738e-07,1.90738e-07,1.90738e-07,1.90738e-07,1.90738e-07,1.90738e-07,1.90738e-07,1.90738e-07,1.90738e-07,1.90738e-07,1.90738e-07,1.90738e-07,1.90738e-07,1.90738e-07,1.90738e-07,1.90738e-07,1.90738e-07,1.90738e-07,1.90738e-07,1.90738e-07,1.90738e-07,1.5259e-06,5.91287e-06,3.98642e-05,0.000146201,0.000533017,0.00126583,0.00307841,0.00673462,0.0131879,0.0226221,0.031895,0.0521701,0.0633249,0.0745377,0.0897579,0.0929008,0.110679,0.128401,0.136572,0.153178,0.166839,0.186745,0.214391
23,0.111068,0.0900339,0.0649457,0.0387145,0.021682,0.0125179,0.00462816,0.0021849,0.000902762,0.000186446,7.08591e-05,1.69757e-05,2.67033e-06,7.62951e-07,1.90738e-07,1.90738e-07,1.90738e-07,1.90738e-07,1.90738e-07,1.90738e-07,1.90738e-07,1.90738e-07,1.90738e-07,1.90738e-07,1.90738e-07,1.90738e-07,1.90738e-07,1.90738e-07,1.90738e-07,1.90738e-07,1.90738e-07,1.90738e-07,1.90738e-07,1.90738e-07,1.90738e-07,1.90738e-07,1.90738e-07,1.90738e-07,1.90738e-07,1.90738e-07,1.90738e-07,1.90738e-07,7.62951e-07,3.43328e-06,1.81201e-05,9.47013e-05,0.000393683,0.00101005,0.00236629,0.00578822,0.00982028,0.0168577,0.0290457,0.0432293,0.0561616,0.0639012,0.0789893,0.092006,0.105567,0.12513,0.133508,0.149723,0.171801,0.190218,0.220295
22,0.118286,0.0776652,0.0583527,0.0361295,0.0198476,0.0102953,0.00409123,0.00167267,0.000600538,0.000192168,4.88289e-05,1.14443e-05,1.5259e-06,6.67582e-07,1.90738e-07,1.90738e-07,1.90738e-07,1.90738e-07,1.90738e-07,1.90738e-07,1.90738e-07,1.90738e-07,1.90738e-07,1.90738e-07,1.90738e-07,1.90738e-07,1.90738e-07,1.90738e-07,1.90738e-07,1.90738e-07,1.90738e-07,1.90738e-07,1.90738e-07,1.90738e-07,1.90738e-07,1.90738e-07,1.90738e-07,1.90738e-07,1.90738e-07,1.90738e-07,1.90738e-07,1.90738e-07,1.90738e-07,2.7657e-06,1.93599e-05,6.88563e-05,0.000311189,0.00074321,0.00222877,0.00463808,0.0097757,0.0156365,0.026033,0.0339998,0.057297,0.0657876,0.0869414,0.0995135,0.106766,0.119454,0.132994,0.151517,0.170069,0.190415,0.212231
21,0.122154,0.0704463,0.0545976,0.0340425,0.0182537,0.00904989,0.00342041,0.00124685,0.000435168,0.000152686,4.35836e-05,6.67582e-06,1.43053e-06,1.90738e-07,1.90738e-07,1.90738e-07,1.90738e-07,1.90738e-07,1.90738e-07,1.90738e-07,1.90738e-07,1.90738e-07,1.90738e-07,1.90738e-07,1.90738e-07,1.90738e-07,1.90738e-07,1.90738e-07,1.90738e-07,1.90738e-07,1.90738e-07,1.90738e-07,1.90738e-07,1.90738e-07,1.90738e-07,1.90738e-07,1.90738e-07,1.90738e-07,1.90738e-07,1.90738e-07,1.90738e-07,1.90738e-07,2.86107e-07,1.81201e-06,1.17304e-05,4.81613e-05,0.000190833,0.000630388,0.00148423,0.00377708,0.0073476,0.012326,0.0196382,0.0341767,0.0462279,0.068762,0.0796556,0.0944185,0.100703,0.114541,0.132798,0.150698,0.168008,0.189553,0.212714
20,0.113421,0.079083,0.0501265,0.0311486,0.0158267,0.00759924,0.00300078,0.0011635,0.000393778,8.31617e-05,2.62264e-05,4.95918e-06,1.90738e-06,2.86107e-07,1.90738e-07,1.90738e-07,1.90738e-07,1.90738e-07,1.90738e-07,1.90738e-07,1.90738e-07,1.90738e-07,1.90738e-07,1.90738e-07,1.90738e-07,1.90738e-07,1.90738e-07,1.90738e-07,1.90738e-07,1.90738e-07,1.90738e-07,1.90738e-07,1.90738e-07,1.90738e-07,1.90738e-07,1.90738e-07,1.90738e-07,1.90738e-07,1.90738e-07,1.90738e-07,1.90738e-07,1.90738e-07,1.90738e-07,1.04906e-06,4.10086e-06,4.11994e-05,0.000142672,0.000419909,0.00114214,0.00331922,0.00642117,0.0119345,0.0215097,0.0263035,0.0495854,0.0628422,0.072754,0.0806648,0.10664,0.122556,0.135772,0.151926,0.17047,0.193323,0.212733
19,0.108824,0.0690355,0.0407955,0.0297164,0.0129295,0.00618849,0.00222677,0.000794709,0.000281529,6.981e-05,2.13626e-05,4.00549e-06,8.5832e-07,2.86107e-07,1.90738e-07,1.90738e-07,1.90738e-07,1.90738e-07,1.90738e-07,1.90738e-07,1.90738e-07,1.90738e-07,1.90738e-07,1.90738e-07,1.90738e-07,1.90738e-07,1.90738e-07,1.90738e-07,1.90738e-07,1.90738e-07,1.90738e-07,1.90738e-07,1.90738e-07,1.90738e-07,1.90738e-07,1.90738e-07,1.90738e-07,1.90738e-07,1.90738e-07,1.90738e-07,1.90738e-07,1.90738e-07,1.90738e-07,6.67582e-07,5.34066e-06,2.07904e-05,0.000113489,0.000336271,0.00113508,0.00251497,0.00548199,0.0117034,0.0175933,0.0269098,0.0375216,0.0558593,0.0829308,0.0933607,0.10425,0.110973,0.138065,0.153468,0.171572,0.194282,0.214287
18,0.0891763,0.0617632,0.0407983,0.0215865,0.0128561,0.00585174,0.00207361,0.000651179,0.000242523,5.21668e-05,2.26024e-05,3.43328e-06,9.53689e-07,1.90738e-07,1.90738e-07,1.90738e-07,1.90738e-07,1.90738e-07,1.90738e-07,1.90738e-07,1.90738e-07,1.90738e-07,1.90738e-07,1.90738e-07,1.90738e-07,1.90738e-07,1.90738e-07,1.90738e-07,1.90738e-07,1.90738e-07,1.90738e-07,1.90738e-07,1.90738e-07,1.90738e-07,1.90738e-07,1.90738e-07,1.90738e-07,1.90738e-07,1.90738e-07,1.90738e-07,1.90738e-07,1.90738e-07,1.90738e-07,9.53689e-07,2.95644e-06,1.61173e-05,8.8407e-05,0.000244335,0.000822747,0.00191272,0.00520829,0.0107928,0.0160525,0.0255934,0.0370702,0.0549817,0.0635597,0.0874653,0.106302,0.109396,0.134784,0.151865,0.169868,0.193699,0.213707
17,0.0890713,0.0604258,0.0413015,0.0212156,0.00930627,0.00460374,0.0015939,0.000570687,0.000154116,4.25345e-05,8.39246e-06,2.67033e-06,4.76844e-07,1.90738e-07,1.90738e-07,1.90738e-07,1.90738e-07,1.90738e-07,1.90738e-07,1.90738e-07,1.90738e-07,1.90738e-07,1.90738e-07,1.90738e-07,1.90738e-07,1.90738e-07,1.90738e-07,1.90738e-07,1.90738e-07,1.90738e-07,1.90738e-07,1.90738e-07,1.90738e-07,1.90738e-07,1.90738e-07,1.90738e-07,1.90738e-07,1.90738e-07,1.90738e-07,1.90738e-07,1.90738e-07,1.90738e-07,1.90738e-07,3.81476e-07,3.33791e-06,1.10628e-05,5.52186e-05,0.000216773,0.000676833,0.00177853,0.00430161,0.0083289,0.014228,0.0252069,0.0355869,0.0528989,0.0641087,0.0816155,0.106292,0.119504,0.127844,0.150224,0.175583,0.195118,0.22409
16,0.100878,0.0562881,0.0314108,0.0186866,0.0091877,0.00450637,0.00173285,0.00044852,0.000175383,3.11856e-05,9.06004e-06,1.43053e-06,7.62951e-07,1.90738e-07,1.90738e-07,1.90738e-07,1.90738e-07,1.90738e-07,1.90738e-07,1.90738e-07,1.90738e-07,1.90738e-07,1.90738e-07,1.90738e-07,1.90738e-07,1.90738e-07,1.90738e-07,1.90738e-07,1.90738e-07,1.90738e-07,1.90738e-07,1.90738e-07,1.90738e-07,1.90738e-07,1.90738e-07,1.90738e-07,1.90738e-07,1.90738e-07,1.90738e-07,1.90738e-07,1.90738e-07,1.90738e-07,1.90738e-07,2.86107e-07,1.14443e-06,7.43877e-06,4.9115e-05,0.000196555,0.00061284,0.00168307,0.00390564,0.00703308,0.0130097,0.025913,0.0351703,0.0420294,0.0633571,0.0787824,0.102046,0.118999,0.130755,0.154447,0.174197,0.198395,0.224468
15,0.0772147,0.0475769,0.027929,0.0164294,0.00728823,0.00330034,0.000961318,0.000262741,0.000106718,2.44144e-05,5.91287e-06,7.62951e-07,1.90738e-07,1.90738e-07,1.90738e-07,1.90738e-07,1.90738e-07,1.90738e-07,1.90738e-07,1.90738e-07,1.90738e-07,1.90738e-07,1.90738e-07,1.90738e-07,1.90738e-07,1.90738e-07,1.90738e-07,1.90738e-07,1.90738e-07,1.90738e-07,1.90738e-07,1.90738e-07,1.90738e-07,1.90738e-07,1.90738e-07,1.90738e-07,1.90738e-07,1.90738e-07,1.90738e-07,1.90738e-07,1.90738e-07,1.90738e-07,1.90738e-07,1.90738e-07,4.76844e-07,8.48783e-06,3.08042e-05,0.000124838,0.000410658,0.00106575,0.00313411,0.00633819,0.0119507,0.0211043,0.0274223,0.0464629,0.0651932,0.0710237,0.0921144,0.109801,0.130352,0.149897,0.175996,0.194348,0.225881
14,0.0866407,0.0458991,0.0272109,0.0162332,0.00699166,0.00248417,0.000885786,0.000300793,0.000104143,2.00275e-05,2.28885e-06,1.14443e-06,1.90738e-07,1.90738e-07,1.90738e-07,1.90738e-07,1.90738e-07,1.90738e-07,1.90738e-07,1.90738e-07,1.90738e-07,1.90738e-07,1.90738e-07,1.90738e-07,1.90738e-07,1.90738e-07,1.90738e-07,1.90738e-07,1.90738e-07,1.90738e-07,1.90738e-07,1.90738e-07,1.90738e-07,1.90738e-07,1.90738e-07,1.90738e-07,1.90738e-07,1.90738e-07,1.90738e-07,1.90738e-07,1.90738e-07,1.90738e-07,1.90738e-07,1.90738e-07,3.81476e-07,4.2916e-06,2.00275e-05,9.24125e-05,0.00036202,0.00109684,0.00289988,0.00569133,0.00992119,0.0201207,0.0284672,0.0417345,0.0539867,0.0699425,0.0848195,0.117548,0.13455,0.15598,0.175218,0.198219,0.226134
13,0.0675059,0.0445096,0.0253827,0.0130467,0.00530346,0.00214809,0.000860704,0.000250629,3.3856e-05,1.37331e-05,1.71664e-06,3.81476e-07,1.90738e-07,1.90738e-07,1.90738e-07,1.90738e-07,1.90738e-07,1.90738e-07,1.90738e-07,1.90738e-07,1.90738e-07,1.90738e-07,1.90738e-07,1.90738e-07,1.90738e-07,1.90738e-07,1.90738e-07,1.90738e-07,1.90738e-07,1.90738e-07,1.90738e-07,1.90738e-07,1.90738e-07,1.90738e-07,1.90738e-07,1.90738e-07,1.90738e-07,1.90738e-07,1.90738e-07,1.90738e-07,1.90738e-07,1.90738e-07,1.90738e-07,1.90738e-07,6.67582e-07,1.71664e-06,1.8883e-05,6.03685e-05,0.000270562,0.000817788,0.00202916,0.00462053,0.00909445,0.0144987,0.0265756,0.038631,0.055626,0.0664816,0.102379,0.112674,0.126862,0.154448,0.175477,0.206827,0.22085
12,0.0603062,0.0371133,0.0257044,0.0108155,0.00492943,0.00220331,0.000663767,0.000151255,4.09133e-05,9.25078e-06,1.62127e-06,3.81476e-07,1.90738e-07,1.90738e-07,1.90738e-07,1.90738e-07,1.90738e-07,1.90738e-07,1.90738e-07,1.90738e-07,1.90738e-07,1.90738e-07,1.90738e-07,1.90738e-07,1.90738e-07,1.90738e-07,1.90738e-07,1.90738e-07,1.90738e-07,1.90738e-07,1.90738e-07,1.90738e-07,1.90738e-07,1.90738e-07,1.90738e-07,1.90738e-07,1.90738e-07,1.90738e-07,1.90738e-07,1.90738e-07,1.90738e-07,1.90738e-07,1.90738e-07,1.90738e-07,1.90738e-07,1.62127e-06,1.08721e-05,5.31205e-05,0.000166037,0.000614271,0.0017916,0.00396153,0.00762691,0.0135921,0.0218708,0.0315684,0.0467598,0.0749556,0.087097,0.10762,0.136299,0.150762,0.180922,0.203699,0.217995
11,0.0534122,0.0332545,0.0179375,0.00895628,0.00401694,0.00147927,0.000425345,0.000122358,2.54635e-05,5.72213e-06,1.43053e-06,3.81476e-07,1.90738e-07,1.90738e-07,1.90738e-07,1.90738e-07,1.90738e-07,1.90738e-07,1.90738e-07,1.90738e-07,1.90738e-07,1.90738e-07,1.90738e-07,1.90738e-07,1.90738e-07,1.90738e-07,1.90738e-07,1.90738e-07,1.90738e-07,1.90738e-07,1.90738e-07,1.90738e-07,1.90738e-07,1.90738e-07,1.90738e-07,1.90738e-07,1.90738e-07,1.90738e-07,1.90738e-07,1.90738e-07,1.90738e-07,1.90738e-07,1.90738e-07,1.90738e-07,1.90738e-07,1.33516e-06,6.86656e-06,3.08042e-05,0.000134089,0.000470169,0.00121862,0.00323348,0.00617113,0.0136213,0.0224477,0.03233,0.0522985,0.0661345,0.0931581,0.112656,0.130733,0.1637,0.190567,0.202208,0.217977
10,0.0497851,0.0319317,0.0165358,0.00868212,0.00324521,0.00111915,0.000413519,8.65949e-05,1.87877e-05,4.19623e-06,5.72213e-07,1.90738e-07,1.90738e-07,1.90738e-07,1.90738e-07,1.90738e-07,1.90738e-07,1.90738e-07,1.90738e-07,1.90738e-07,1.90738e-07,1.90738e-07,1.90738e-07,1.90738e-07,1.90738e-07,1.90738e-07,1.90738e-07,1.90738e-07,1.90738e-07,1.90738e-07,1.90738e-07,1.90738e-07,1.90738e-07,1.90738e-07,1.90738e-07,1.90738e-07,1.90738e-07,1.90738e-07,1.90738e-07,1.90738e-07,1.90738e-07,1.90738e-07,1.90738e-07,1.90738e-07,1.90738e-07,7.62951e-07,3.81476e-06,2.29839e-05,0.00012808,0.000320153,0.00116932,0.00308528,0.00582189,0.0122328,0.0206319,0.0311231,0.0473275,0.0661883,0.090737,0.102231,0.134385,0.154644,0.181749,0.19646,0.220538
9,0.0492786,0.0293254,0.0136128,0.00651032,0.0026833,0.000994507,0.00021582,6.05592e-05,1.35424e-05,1.90738e-06,9.53689e-07,1.90738e-07,1.90738e-07,1.90738e-07,1.90738e-07,1.90738e-07,1.90738e-07,1.90738e-07,1.90738e-07,1.90738e-07,1.90738e-07,1.90738e-07,1.90738e-07,1.90738e-07,1.90738e-07,1.90738e-07,1.90738e-07,1.90738e-07,1.90738e-07,1.90738e-07,1.90738e-07,1.90738e-07,1.90738e-07,1.90738e-07,1.90738e-07,1.90738e-07,1.90738e-07,1.90738e-07,1.90738e-07,1.90738e-07,1.90738e-07,1.90738e-07,1.90738e-07,1.90738e-07,1.90738e-07,3.81476e-07,2.86107e-06,2.01228e-05,7.98238e-05,0.000244049,0.000848592,0.00224537,0.00446651,0.0104703,0.0156061,0.0267238,0.0398796,0.0640007,0.0862642,0.098049,0.131965,0.158608,0.179077,0.205953,0.223615
8,0.0428163,0.0268757,0.012667,0.0063692,0.00239624,0.000788033,0.000215152,4.53002e-05,9.91836e-06,1.90738e-06,7.62951e-07,1.90738e-07,1.90738e-07,1.90738e-07,1.90738e-07,1.90738e-07,1.90738e-07,1.90738e-07,1.90738e-07,1.90738e-07,1.90738e-07,1.90738e-07,1.90738e-07,1.90738e-07,1.90738e-07,1.90738e-07,1.90738e-07,1.90738e-07,1.90738e-07,1.90738e-07,1.90738e-07,1.90738e-07,1.90738e-07,1.90738e-07,1.90738e-07,1.90738e-07,1.90738e-07,1.90738e-07,1.90738e-07,1.90738e-07,1.90738e-07,1.90738e-07,1.90738e-07,1.90738e-07,1.90738e-07,1.90738e-07,2.19348e-06,1.49729e-05,6.2562e-05,0.000242905,0.00068761,0.0019172,0.00447576,0.00895216,0.01716,0.0285506,0.0423485,0.0597455,0.0835189,0.117032,0.13538,0.152465,0.186388,0.205238,0.230811
7,0.0388167,0.0246542,0.0123436,0.00519303,0.00186131,0.000517281,0.000153162,3.72892e-05,7.91562e-06,1.14443e-06,3.81476e-07,1.90738e-07,1.90738e-07,1.90738e-07,1.90738e-07,1.90738e-07,1.90738e-07,1.90738e-07,1.90738e-07,1.90738e-07,1.90738e-07,1.90738e-07,1.90738e-07,1.90738e-07,1.90738e-07,1.90738e-07,1.90738e-07,1.90738e-07,1.90738e-07,1.90738e-07,1.90738e-07,1.90738e-07,1.90738e-07,1.90738e-07,1.90738e-07,1.90738e-07,1.90738e-07,1.90738e-07,1.90738e-07,1.90738e-07,1.90738e-07,1.90738e-07,1.90738e-07,1.90738e-07,1.90738e-07,1.90738e-07,1.33516e-06,6.86656e-06,3.71939e-05,0.000150301,0.000505837,0.00120928,0.00345645,0.00785781,0.0136873,0.0249228,0.0391182,0.0570248,0.0852375,0.106472,0.122632,0.169351,0.186453,0.204196,0.231204
6,0.0396912,0.021714,0.0103813,0.0044892,0.00147173,0.000485809,0.000127031,2.30793e-05,7.0573e-06,6.67582e-07,6.67582e-07,1.90738e-07,1.90738e-07,1.90738e-07,1.90738e-07,1.90738e-07,1.90738e-07,1.90738e-07,1.90738e-07,1.90738e-07,1.90738e-07,1.90738e-07,1.90738e-07,1.90738e-07,1.90738e-07,1.90738e-07,1.90738e-07,1.90738e-07,1.90738e-07,1.90738e-07,1.90738e-07,1.90738e-07,1.90738e-07,1.90738e-07,1.90738e-07,1.90738e-07,1.90738e-07,1.90738e-07,1.90738e-07,1.90738e-07,1.90738e-07,1.90738e-07,1.90738e-07,1.90738e-07,1.90738e-07,1.90738e-07,1.2398e-06,3.43328e-06,3.51911e-05,0.000123312,0.000445277,0.00124952,0.00284934,0.00765521,0.0138724,0.0221189,0.0346921,0.0615316,0.0748915,0.0956783,0.140248,0.166146,0.190298,0.200002,0.223449
5,0.037903,0.0194494,0.00858198,0.00338998,0.00117895,0.00030499,6.48508e-05,1.46868e-05,2.38422e-06,1.04906e-06,1.90738e-07,1.90738e-07,1.90738e-07,1.90738e-07,1.90738e-07,1.90738e-07,1.90738e-07,1.90738e-07,1.90738e-07,1.90738e-07,1.90738e-07,1.90738e-07,1.90738e-07,1.90738e-07,1.90738e-07,1.90738e-07,1.90738e-07,1.90738e-07,1.90738e-07,1.90738e-07,1.90738e-07,1.90738e-07,1.90738e-07,1.90738e-07,1.90738e-07,1.90738e-07,1.90738e-07,1.90738e-07,1.90738e-07,1.90738e-07,1.90738e-07,1.90738e-07,1.90738e-07,1.90738e-07,1.90738e-07,1.90738e-07,1.14443e-06,1.5259e-06,2.24117e-05,7.59136e-05,0.000323968,0.00111076,0.00255083,0.00594186,0.0120085,0.0189796,0.039128,0.0564649,0.0815496,0.102661,0.131084,0.166945,0.199413,0.208588,0.229381
4,0.0364194,0.0202104,0.00893881,0.00292992,0.000981537,0.000264458,7.12406e-05,8.67857e-06,1.33516e-06,6.67582e-07,1.90738e-07,1.90738e-07,1.90738e-07,1.90738e-07,1.90738e-07,1.90738e-07,1.90738e-07,1.90738e-07,1.90738e-07,1.90738e-07,1.90738e-07,1.90738e-07,1.90738e-07,1.90738e-07,1.90738e-07,1.90738e-07,1.90738e-07,1.90738e-07,1.90738e-07,1.90738e-07,1.90738e-07,1.90738e-07,1.90738e-07,1.90738e-07,1.90738e-07,1.90738e-07,1.90738e-07,1.90738e-07,1.90738e-07,1.90738e-07,1.90738e-07,1.90738e-07,1.90738e-07,1.90738e-07,1.90738e-07,1.90738e-07,4.76844e-07,2.00275e-06,1.59266e-05,6.55184e-05,0.000272469,0.000972381,0.00204557,0.0054119,0.0114122,0.0212376,0.0288331,0.0516888,0.0697094,0.0988833,0.138885,0.161557,0.194197,0.217639,0.223811
3,0.0352886,0.0173329,0.00678206,0.00281987,0.000827325,0.000233558,3.64309e-05,8.10636e-06,1.2398e-06,2.86107e-07,1.90738e-07,1.90738e-07,1.90738e-07,1.90738e-07,1.90738e-07,1.90738e-07,1.90738e-07,1.90738e-07,1.90738e-07,1.90738e-07,1.90738e-07,1.90738e-07,1.90738e-07,1.90738e-07,1.90738e-07,1.90738e-07,1.90738e-07,1.90738e-07,1.90738e-07,1.90738e-07,1.90738e-07,1.90738e-07,1.90738e-07,1.90738e-07,1.90738e-07,1.90738e-07,1.90738e-07,1.90738e-07,1.90738e-07,1.90738e-07,1.90738e-07,1.90738e-07,1.90738e-07,1.90738e-07,1.90738e-07,2.86107e-07,2.86107e-07,1.81201e-06,9.823e-06,4.654e-05,0.000187495,0.000716411,0.00193465,0.00453756,0.0102906,0.0188865,0.0326004,0.0500972,0.0774654,0.103053,0.143976,0.152547,0.191454,0.214275,0.226179
2,0.0340316,0.0156729,0.00636006,0.00248369,0.000715362,0.000204852,3.54772e-05,5.05455e-06,1.5259e-06,1.90738e-07,1.90738e-07,1.90738e-07,1.90738e-07,1.90738e-07,1.90738e-07,1.90738e-07,1.90738e-07,1.90738e-07,1.90738e-07,1.90738e-07,1.90738e-07,1.90738e-07,1.90738e-07,1.90738e-07,1.90738e-07,1.90738e-07,1.90738e-07,1.90738e-07,1.90738e-07,1.90738e-07,1.90738e-07,1.90738e-07,1.90738e-07,1.90738e-07,1.90738e-07,1.90738e-07,1.90738e-07,1.90738e-07,1.90738e-07,1.90738e-07,1.90738e-07,1.90738e-07,1.90738e-07,1.90738e-07,1.90738e-07,1.90738e-07,2.86107e-07,1.33516e-06,7.62951e-06,3.91012e-05,0.000171664,0.000601778,0.00187314,0.00410124,0.00952595,0.0182827,0.0290924,0.0546381,0.0759649,0.0934854,0.142797,0.168129,0.185724,0.206895,0.228707
1,0.0317712,0.0153601,0.00581884,0.00214866,0.000625334,0.000141814,2.91829e-05,3.33791e-06,1.14443e-06,2.86107e-07,1.90738e-07,1.90738e-07,1.90738e-07,1.90738e-07,1.90738e-07,1.90738e-07,1.90738e-07,1.90738e-07,1.90738e-07,1.90738e-07,1.90738e-07,1.90738e-07,1.90738e-07,1.90738e-07,1.90738e-07,1.90738e-07,1.90738e-07,1.90738e-07,1.90738e-07,1.90738e-07,1.90738e-07,1.90738e-07,1.90738e-07,1.90738e-07,1.90738e-07,1.90738e-07,1.90738e-07,1.90738e-07,1.90738e-07,1.90738e-07,1.90738e-07,1.90738e-07,1.90738e-07,1.90738e-07,1.90738e-07,1.90738e-07,1.90738e-07,8.5832e-07,4.10086e-06,2.55589e-05,0.000123407,0.000423342,0.00144369,0.00364338,0.00844612,0.0176349,0.0308422,0.0485839,0.0694752,0.108435,0.125961,0.16159,0.195431,0.214577,0.232865
0,0.030726,0.0137444,0.0058854,0.00199226,0.000455768,0.000147345,1.92645e-05,3.14717e-06,6.67582e-07,1.90738e-07,1.90738e-07,1.90738e-07,1.90738e-07,1.90738e-07,1.90738e-07,1.90738e-07,1.90738e-07,1.90738e-07,1.90738e-07,1.90738e-07,1.90738e-07,1.90738e-07,1.90738e-07,1.90738e-07,1.90738e-07,1.90738e-07,1.90738e-07,1.90738e-07,1.90738e-07,1.90738e-07,1.90738e-07,1.90738e-07,1.90738e-07,1.90738e-07,1.90738e-07,1.90738e-07,1.90738e-07,1.90738e-07,1.90738e-07,1.90738e-07,1.90738e-07,1.90738e-07,1.90738e-07,1.90738e-07,1.90738e-07,1.90738e-07,1.90738e-07,4.76844e-07,2.7657e-06,2.56542e-05,0.000111677,0.000382811,0.00128491,0.00344339,0.00736276,0.0163788,0.0286989,0.0513116,0.0723899,0.102895,0.127545,0.167512,0.188621,0.220036,0.225392
-1,0.0292206,0.0147274,0.00608711,0.00200942,0.000504406,0.000125505,1.97414e-05,1.04906e-06,2.86107e-07,1.90738e-07,1.90738e-07,1.90738e-07,1.90738e-07,1.90738e-07,1.90738e-07,1.90738e-07,1.90738e-07,1.90738e-07,1.90738e-07,1.90738e-07,1.90738e-07,1.90738e-07,1.90738e-07,1.90738e-07,1.90738e-07,1.90738e-07,1.90738e-07,1.90738e-07,1.90738e-07,1.90738e-07,1.90738e-07,1.90738e-07,1.90738e-07,1.90738e-07,1.90738e-07,1.90738e-07,1.90738e-07,1.90738e-07,1.90738e-07,1.90738e-07,1.90738e-07,1.90738e-07,1.90738e-07,1.90738e-07,1.90738e-07,1.90738e-07,1.90738e-07,4.76844e-07,3.0518e-06,2.23163e-05,0.00010729,0.000373751,0.00121729,0.00367523,0.00784171,0.0149617,0.0308685,0.0502047,0.0811922,0.100697,0.142991,0.169079,0.194865,0.215232,0.230404
-2,0.0318304,0.0142936,0.00592832,0.00203679,0.000541028,0.000137522,1.91691e-05,3.62402e-06,2.86107e-07,1.90738e-07,1.90738e-07,1.90738e-07,1.90738e-07,1.90738e-07,1.90738e-07,1.90738e-07,1.90738e-07,1.90738e-07,1.90738e-07,1.90738e-07,1.90738e-07,1.90738e-07,1.90738e-07,1.90738e-07,1.90738e-07,1.90738e-07,1.90738e-07,1.90738e-07,1.90738e-07,1.90738e-07,1.90738e-07,1.90738e-07,1.90738e-07,1.90738e-07,1.90738e-07,1.90738e-07,1.90738e-07,1.90738e-07,1.90738e-07,1.90738e-07,1.90738e-07,1.90738e-07,1.90738e-07,1.90738e-07,1.90738e-07,1.90738e-07,1.90738e-07,4.76844e-07,2.86107e-06,2.17441e-05,8.80255e-05,0.00032454,0.00121853,0.00319266,0.00803178,0.0159854,0.0284203,0.0435284,0.0738508,0.0982321,0.144552,0.162024,0.191533,0.217583,0.23306
-3,0.0315288,0.0140531,0.0060544,0.00211061,0.000510414,0.000105955,2.33654e-05,4.10086e-06,3.81476e-07,1.90738e-07,1.90738e-07,1.90738e-07,1.90738e-07,1.90738e-07,1.90738e-07,1.90738e-07,1.90738e-07,1.90738e-07,1.90738e-07,1.90738e-07,1.90738e-07,1.90738e-07,1.90738e-07,1.90738e-07,1.90738e-07,1.90738e-07,1.90738e-07,1.90738e-07,1.90738e-07,1.90738e-07,1.90738e-07,1.90738e-07,1.90738e-07,1.90738e-07,1.90738e-07,1.90738e-07,1.90738e-07,1.90738e-07,1.90738e-07,1.90738e-07,1.90738e-07,1.90738e-07,1.90738e-07,1.90738e-07,1.90738e-07,1.90738e-07,1.90738e-07,1.90738e-07,3.62402e-06,2.18395e-05,8.0396e-05,0.000349718,0.00114424,0.00330529,0.00836204,0.0156814,0.0291726,0.0524002,0.077104,0.0991739,0.138802,0.17542,0.182997,0.217545,0.235536
-4,0.0335404,0.0162904,0.00635233,0.00208457,0.000547608,0.000129225,1.80247e-05,3.52865e-06,3.81476e-07,1.90738e-07,1.90738e-07,1.90738e-07,1.90738e-07,1.90738e-07,1.90738e-07,1.90738e-07,1.90738e-07,1.90738e-07,1.90738e-07,1.90738e-07,1.90738e-07,1.90738e-07,1.90738e-07,1.90738e-07,1.90738e-07,1.90738e-07,1.90738e-07,1.90738e-07,1.90738e-07,1.90738e-07,1.90738e-07,1.90738e-07,1.90738e-07,1.90738e-07,1.90738e-07,1.90738e-07,1.90738e-07,1.90738e-07,1.90738e-07,1.90738e-07,1.90738e-07,1.90738e-07,1.90738e-07,1.90738e-07,1.90738e-07,1.90738e-07,1.90738e-07,2.86107e-07,3.62402e-06,1.62127e-05,8.05867e-05,0.000377661,0.00104944,0.00340953,0.00784657,0.0160942,0.0271304,0.0486672,0.0767716,0.100089,0.139954,0.155234,0.189476,0.209663,0.227089
-5,0.036174,0.0148482,0.00688764,0.00260767,0.000659953,0.000172808,3.47143e-05,3.0518e-06,4.76844e-07,1.90738e-07,1.90738e-07,1.90738e-07,1.90738e-07,1.90738e-07,1.90738e-07,1.90738e-07,1.90738e-07,1.90738e-07,1.90738e-07,1.90738e-07,1.90738e-07,1.90738e-07,1.90738e-07,1.90738e-07,1.90738e-07,1.90738e-07,1.90738e-07,1.90738e-07,1.90738e-07,1.90738e-07,1.90738e-07,1.90738e-07,1.90738e-07,1.90738e-07,1.90738e-07,1.90738e-07,1.90738e-07,1.90738e-07,1.90738e-07,1.90738e-07,1.90738e-07,1.90738e-07,1.90738e-07,1.90738e-07,1.90738e-07,1.90738e-07,1.90738e-07,6.67582e-07,3.91012e-06,2.13626e-05,0.000104238,0.000405318,0.00125391,0.00320401,0.00810273,0.0148361,0.0276428,0.0504531,0.0823326,0.105707,0.126308,0.15636,0.190403,0.206237,0.226596
-6,0.0339084,0.0152936,0.00727369,0.00254997,0.000842012,0.000201133,4.43465e-05,4.95918e-06,5.72213e-07,2.86107e-07,1.90738e-07,1.90738e-07,1.90738e-07,1.90738e-07,1.90738e-07,1.90738e-07,1.90738e-07,1.90738e-07,1.90738e-07,1.90738e-07,1.90738e-07,1.90738e-07,1.90738e-07,1.90738e-07,1.90738e-07,1.90738e-07,1.90738e-07,1.90738e-07,1.90738e-07,1.90738e-07,1.90738e-07,1.90738e-07,1.90738e-07,1.90738e-07,1.90738e-07,1.90738e-07,1.90738e-07,1.90738e-07,1.90738e-07,1.90738e-07,1.90738e-07,1.90738e-07,1.90738e-07,1.90738e-07,1.90738e-07,1.90738e-07,1.90738e-07,9.53689e-07,5.8175e-06,2.4033e-05,0.00013571,0.00044995,0.00139658,0.00348583,0.00808518,0.0164804,0.0303873,0.0485066,0.0731432,0.114288,0.132153,0.172292,0.193105,0.209332,0.228883
-7,0.0364385,0.0201737,0.00853666,0.00273728,0.000873484,0.000238518,6.31342e-05,8.48783e-06,1.04906e-06,1.90738e-07,1.90738e-07,1.90738e-07,1.90738e-07,1.90738e-07,1.90738e-07,1.90738e-07,1.90738e-07,1.90738e-07,1.90738e-07,1.90738e-07,1.90738e-07,1.90738e-07,1.90738e-07,1.90738e-07,1.90738e-07,1.90738e-07,1.90738e-07,1.90738e-07,1.90738e-07,1.90738e-07,1.90738e-07,1.90738e-07,1.90738e-07,1.90738e-07,1.90738e-07,1.90738e-07,1.90738e-07,1.90738e-07,1.90738e-07,1.90738e-07,1.90738e-07,1.90738e-07,1.90738e-07,1.90738e-07,1.90738e-07,1.90738e-07,1.90738e-07,8.5832e-07,6.38972e-06,2.9469e-05,0.000167849,0.000522145,0.00151026,0.00395781,0.00859773,0.0163615,0.0323151,0.0567141,0.0745355,0.107503,0.140487,0.16229,0.190277,0.214264,0.236054
-8,0.0369951,0.0185572,0.00762115,0.00318027,0.00102073,0.000266842,6.12268e-05,8.39246e-06,1.71664e-06,3.81476e-07,1.90738e-07,1.90738e-07,1.90738e-07,1.90738e-07,1.90738e-07,1.90738e-07,1.90738e-07,1.90738e-07,1.90738e-07,1.90738e-07,1.90738e-07,1.90738e-07,1.90738e-07,1.90738e-07,1.90738e-07,1.90738e-07,1.90738e-07,1.90738e-07,1.90738e-07,1.90738e-07,1.90738e-07,1.90738e-07,1.90738e-07,1.90738e-07,1.90738e-07,1.90738e-07,1.90738e-07,1.90738e-07,1.90738e-07,1.90738e-07,1.90738e-07,1.90738e-07,1.90738e-07,1.90738e-07,1.90738e-07,1.90738e-07,1.90738e-07,6.67582e-07,7.82025e-06,3.80522e-05,0.000172236,0.000596056,0.00143988,0.00423714,0.00869647,0.0166128,0.0282504,0.0541088,0.077708,0.106794,0.134481,0.163611,0.191288,0.21947,0.234499
-9,0.0410033,0.0198597,0.00983708,0.0039929,0.00139239,0.000393683,8.44968e-05,1.35424e-05,2.28885e-06,1.90738e-07,1.90738e-07,1.90738e-07,1.90738e-07,1.90738e-07,1.90738e-07,1.90738e-07,1.90738e-07,1.90738e-07,1.90738e-07,1.90738e-07,1.90738e-07,1.90738e-07,1.90738e-07,1.90738e-07,1.90738e-07,1.90738e-07,1.90738e-07,1.90738e-07,1.90738e-07,1.90738e-07,1.90738e-07,1.90738e-07,1.90738e-07,1.90738e-07,1.90738e-07,1.90738e-07,1.90738e-07,1.90738e-07,1.90738e-07,1.90738e-07,1.90738e-07,1.90738e-07,1.90738e-07,1.90738e-07,1.90738e-07,1.90738e-07,2.86107e-07,2.09812e-06,1.00137e-05,5.56001e-05,0.000214485,0.000598821,0.00198453,0.0045325,0.0104099,0.0186306,0.0331028,0.0519962,0.0822296,0.106199,0.139067,0.162459,0.18971,0.217322,0.230253
-10,0.0419199,0.0216032,0.0109614,0.00459745,0.0015197,0.000418574,0.000102522,1.66896e-05,1.90738e-06,4.76844e-07,1.90738e-07,1.90738e-07,1.90738e-07,1.90738e-07,1.90738e-07,1.90738e-07,1.90738e-07,1.90738e-07,1.90738e-07,1.90738e-07,1.90738e-07,1.90738e-07,1.90738e-07,1.90738e-07,1.90738e-07,1.90738e-07,1.90738e-07,1.90738e-07,1.90738e-07,1.90738e-07,1.90738e-07,1.90738e-07,1.90738e-07,1.90738e-07,1.90738e-07,1.90738e-07,1.90738e-07,1.90738e-07,1.90738e-07,1.90738e-07,1.90738e-07,1.90738e-07,1.90738e-07,1.90738e-07,1.90738e-07,1.90738e-07,6.67582e-07,4.00549e-06,1.39239e-05,5.78889e-05,0.00024691,0.000892081,0.00246901,0.00522593,0.0106472,0.0175999,0.0330196,0.0486306,0.0762731,0.110326,0.141332,0.178062,0.187911,0.214104,0.225632
-11,0.0488929,0.0259105,0.0126879,0.0054077,0.00216411,0.000523861,0.000186065,2.47959e-05,5.43603e-06,2.86107e-07,1.90738e-07,1.90738e-07,1.90738e-07,1.90738e-07,1.90738e-07,1.90738e-07,1.90738e-07,1.90738e-07,1.90738e-07,1.90738e-07,1.90738e-07,1.90738e-07,1.90738e-07,1.90738e-07,1.90738e-07,1.90738e-07,1.90738e-07,1.90738e-07,1.90738e-07,1.90738e-07,1.90738e-07,1.90738e-07,1.90738e-07,1.90738e-07,1.90738e-07,1.90738e-07,1.90738e-07,1.90738e-07,1.90738e-07,1.90738e-07,1.90738e-07,1.90738e-07,1.90738e-07,1.90738e-07,1.90738e-07,2.86107e-07,6.67582e-07,4.38697e-06,2.30793e-05,9.65133e-05,0.000314813,0.00102379,0.0025123,0.00644245,0.0125421,0.020142,0.0392557,0.0571271,0.0785226,0.109174,0.140781,0.157328,0.185928,0.210086,0.229219
-12,0.0483206,0.0276215,0.0124063,0.0061903,0.00232815,0.000728332,0.000183585,3.53819e-05,3.81476e-06,7.62951e-07,1.90738e-07,1.90738e-07,1.90738e-07,1.90738e-07,1.90738e-07,1.90738e-07,1.90738e-07,1.90738e-07,1.90738e-07,1.90738e-07,1.90738e-07,1.90738e-07,1.90738e-07,1.90738e-07,1.90738e-07,1.90738e-07,1.90738e-07,1.90738e-07,1.90738e-07,1.90738e-07,1.90738e-07,1.90738e-07,1.90738e-07,1.90738e-07,1.90738e-07,1.90738e-07,1.90738e-07,1.90738e-07,1.90738e-07,1.90738e-07,1.90738e-07,1.90738e-07,1.90738e-07,1.90738e-07,1.90738e-07,1.90738e-07,8.5832e-07,5.05455e-06,2.88014e-05,0.000139239,0.00042277,0.00127108,0.00273642,0.00685288,0.01401,0.0266103,0.0425668,0.0607051,0.0843709,0.115318,0.128342,0.169855,0.194019,0.211192,0.233794
-13,0.0517074,0.0277519,0.0158399,0.00667381,0.00281901,0.000924792,0.000229267,5.94148e-05,8.10636e-06,1.43053e-06,1.90738e-07,1.90738e-07,1.90738e-07,1.90738e-07,1.90738e-07,1.90738e-07,1.90738e-07,1.90738e-07,1.90738e-07,1.90738e-07,1.90738e-07,1.90738e-07,1.90738e-07,1.90738e-07,1.90738e-07,1.90738e-07,1.90738e-07,1.90738e-07,1.90738e-07,1.90738e-07,1.90738e-07,1.90738e-07,1.90738e-07,1.90738e-07,1.90738e-07,1.90738e-07,1.90738e-07,1.90738e-07,1.90738e-07,1.90738e-07,1.90738e-07,1.90738e-07,1.90738e-07,1.90738e-07,1.90738e-07,1.90738e-07,1.2398e-06,9.25078e-06,4.27253e-05,0.000166228,0.000574311,0.00161889,0.00370232,0.00763902,0.0140074,0.0285604,0.03679,0.0612354,0.0860657,0.119813,0.13178,0.15519,0.193897,0.213276,0.233983
-14,0.0535092,0.0309752,0.0175502,0.00733955,0.00315795,0.00109512,0.000277142,6.91424e-05,1.63081e-05,1.62127e-06,2.86107e-07,1.90738e-07,1.90738e-07,1.90738e-07,1.90738e-07,1.90738e-07,1.90738e-07,1.90738e-07,1.90738e-07,1.90738e-07,1.90738e-07,1.90738e-07,1.90738e-07,1.90738e-07,1.90738e-07,1.90738e-07,1.90738e-07,1.90738e-07,1.90738e-07,1.90738e-07,1.90738e-07,1.90738e-07,1.90738e-07,1.90738e-07,1.90738e-07,1.90738e-07,1.90738e-07,1.90738e-07,1.90738e-07,1.90738e-07,1.90738e-07,1.90738e-07,1.90738e-07,1.90738e-07,1.90738e-07,1.90738e-07,1.2398e-06,1.38285e-05,5.94148e-05,0.000224022,0.000693713,0.00170367,0.00447766,0.0101641,0.0159579,0.0271486,0.0395295,0.0648274,0.0855516,0.110838,0.133377,0.158186,0.183407,0.21112,0.227467
-15,0.0595781,0.0352517,0.0189492,0.010369,0.0040156,0.00122215,0.000382429,0.000100805,1.71664e-05,4.95918e-06,3.81476e-07,1.90738e-07,1.90738e-07,1.90738e-07,1.90738e-07,1.90738e-07,1.90738e-07,1.90738e-07,1.90738e-07,1.90738e-07,1.90738e-07,1.90738e-07,1.90738e-07,1.90738e-07,1.90738e-07,1.90738e-07,1.90738e-07,1.90738e-07,1.90738e-07,1.90738e-07,1.90738e-07,1.90738e-07,1.90738e-07,1.90738e-07,1.90738e-07,1.90738e-07,1.90738e-07,1.90738e-07,1.90738e-07,1.90738e-07,1.90738e-07,1.90738e-07,1.90738e-07,1.90738e-07,2.86107e-07,7.62951e-07,2.86107e-06,1.69757e-05,7.29572e-05,0.000284104,0.000739872,0.00226253,0.004862,0.00853625,0.0155761,0.0297791,0.046001,0.0612779,0.0969474,0.107259,0.140237,0.154368,0.183079,0.210655,0.222588
-16,0.0641559,0.0373913,0.0225226,0.00992783,0.00484045,0.00189803,0.000494869,0.000111677,2.17441e-05,3.62402e-06,5.72213e-07,1.90738e-07,1.90738e-07,1.90738e-07,1.90738e-07,1.90738e-07,1.90738e-07,1.90738e-07,1.90738e-07,1.90738e-07,1.90738e-07,1.90738e-07,1.90738e-07,1.90738e-07,1.90738e-07,1.90738e-07,1.90738e-07,1.90738e-07,1.90738e-07,1.90738e-07,1.90738e-07,1.90738e-07,1.90738e-07,1.90738e-07,1.90738e-07,1.90738e-07,1.90738e-07,1.90738e-07,1.90738e-07,1.90738e-07,1.90738e-07,1.90738e-07,1.90738e-07,1.90738e-07,1.90738e-07,5.72213e-07,4.57771e-06,3.06134e-05,9.63226e-05,0.000397593,0.00116817,0.00261549,0.00554494,0.00890779,0.0156769,0.0281289,0.0431665,0.0734915,0.0827228,0.112147,0.131552,0.169027,0.182118,0.206398,0.223888
-17,0.0687333,0.0434101,0.0256405,0.0114998,0.00517195,0.00225261,0.000699722,0.000167659,3.37606e-05,6.86656e-06,6.67582e-07,2.86107e-07,1.90738e-07,1.90738e-07,1.90738e-07,1.90738e-07,1.90738e-07,1.90738e-07,1.90738e-07,1.90738e-07,1.90738e-07,1.90738e-07,1.90738e-07,1.90738e-07,1.90738e-07,1.90738e-07,1.90738e-07,1.90738e-07,1.90738e-07,1.90738e-07,1.90738e-07,1.90738e-07,1.90738e-07,1.90738e-07,1.90738e-07,1.90738e-07,1.90738e-07,1.90738e-07,1.90738e-07,1.90738e-07,1.90738e-07,1.90738e-07,1.90738e-07,1.90738e-07,2.86107e-07,1.5259e-06,7.82025e-06,4.24392e-05,0.000147059,0.000517472,0.00121738,0.00326648,0.00747431,0.0154378,0.0260209,0.0305139,0.0577498,0.0671285,0.10066,0.110602,0.139097,0.165504,0.179737,0.204111,0.232794
-18,0.0695615,0.0410678,0.0251522,0.0139617,0.00650844,0.00256037,0.000844205,0.00024443,5.07362e-05,6.48508e-06,1.62127e-06,4.76844e-07,1.90738e-07,1.90738e-07,1.90738e-07,1.90738e-07,1.90738e-07,1.90738e-07,1.90738e-07,1.90738e-07,1.90738e-07,1.90738e-07,1.90738e-07,1.90738e-07,1.90738e-07,1.90738e-07,1.90738e-07,1.90738e-07,1.90738e-07,1.90738e-07,1.90738e-07,1.90738e-07,1.90738e-07,1.90738e-07,1.90738e-07,1.90738e-07,1.90738e-07,1.90738e-07,1.90738e-07,1.90738e-07,1.90738e-07,1.90738e-07,1.90738e-07,1.90738e-07,4.76844e-07,1.90738e-06,8.96468e-06,5.44556e-05,0.000206569,0.000573072,0.00161812,0.00339923,0.00707501,0.0134578,0.0213261,0.0408188,0.0555135,0.0780087,0.0873528,0.110249,0.139549,0.155914,0.177863,0.203248,0.229528
-19,0.0734475,0.0504588,0.0290631,0.0156437,0.00850897,0.00331741,0.00107443,0.000331407,6.82841e-05,1.1635e-05,2.00275e-06,1.90738e-07,1.90738e-07,1.90738e-07,1.90738e-07,1.90738e-07,1.90738e-07,1.90738e-07,1.90738e-07,1.90738e-07,1.90738e-07,1.90738e-07,1.90738e-07,1.90738e-07,1.90738e-07,1.90738e-07,1.90738e-07,1.90738e-07,1.90738e-07,1.90738e-07,1.90738e-07,1.90738e-07,1.90738e-07,1.90738e-07,1.90738e-07,1.90738e-07,1.90738e-07,1.90738e-07,1.90738e-07,1.90738e-07,1.90738e-07,1.90738e-07,1.90738e-07,1.90738e-07,1.90738e-07,1.81201e-06,1.48775e-05,6.86656e-05,0.000252728,0.000742256,0.00180552,0.00449893,0.0101391,0.0160635,0.0248023,0.0348528,0.0503083,0.0741811,0.0990648,0.106875,0.129038,0.159869,0.178241,0.210501,0.224933
-20,0.0819391,0.0567419,0.0322086,0.0212416,0.00925432,0.00361009,0.00136072,0.000402075,7.57229e-05,2.13626e-05,2.67033e-06,4.76844e-07,1.90738e-07,1.90738e-07,1.90738e-07,1.90738e-07,1.90738e-07,1.90738e-07,1.90738e-07,1.90738e-07,1.90738e-07,1.90738e-07,1.90738e-07,1.90738e-07,1.90738e-07,1.90738e-07,1.90738e-07,1.90738e-07,1.90738e-07,1.90738e-07,1.90738e-07,1.90738e-07,1.90738e-07,1.90738e-07,1.90738e-07,1.90738e-07,1.90738e-07,1.90738e-07,1.90738e-07,1.90738e-07,1.90738e-07,1.90738e-07,1.90738e-07,1.90738e-07,5.72213e-07,2.7657e-06,2.52728e-05,8.23987e-05,0.000288205,0.00096809,0.00233597,0.005136,0.00913681,0.0167588,0.028247,0.0466467,0.0582617,0.0772555,0.0962075,0.125317,0.133619,0.149656,0.179848,0.203222,0.220777
-21,0.0953348,0.0592509,0.041335,0.0214203,0.0107759,0.00408989,0.00175135,0.000445468,0.000143721,2.25071e-05,4.48234e-06,5.72213e-07,1.90738e-07,1.90738e-07,1.90738e-07,1.90738e-07,1.90738e-07,1.90738e-07,1.90738e-07,1.90738e-07,1.90738e-07,1.90738e-07,1.90738e-07,1.90738e-07,1.90738e-07,1.90738e-07,1.90738e-07,1.90738e-07,1.90738e-07,1.90738e-07,1.90738e-07,1.90738e-07,1.90738e-07,1.90738e-07,1.90738e-07,1.90738e-07,1.90738e-07,1.90738e-07,1.90738e-07,1.90738e-07,1.90738e-07,1.90738e-07,1.90738e-07,1.90738e-07,8.5832e-07,4.67308e-06,2.67987e-05,0.000135615,0.000416571,0.00113298,0.00277523,0.0058195,0.013734,0.0208796,0.0275173,0.0402655,0.0600315,0.074189,0.103523,0.108192,0.136877,0.154321,0.177903,0.205598,0.218433
-22,0.0910687,0.0607783,0.0435045,0.022535,0.01216,0.00539101,0.00213989,0.00055314,0.000150778,3.69078e-05,5.24529e-06,6.67582e-07,1.90738e-07,1.90738e-07,1.90738e-07,1.90738e-07,1.90738e-07,1.90738e-07,1.90738e-07,1.90738e-07,1.90738e-07,1.90738e-07,1.90738e-07,1.90738e-07,1.90738e-07,1.90738e-07,1.90738e-07,1.90738e-07,1.90738e-07,1.90738e-07,1.90738e-07,1.90738e-07,1.90738e-07,1.90738e-07,1.90738e-07,1.90738e-07,1.90738e-07,1.90738e-07,1.90738e-07,1.90738e-07,1.90738e-07,1.90738e-07,1.90738e-07,1.90738e-07,1.5259e-06,7.82025e-06,3.47143e-05,0.000140192,0.000467308,0.00145457,0.00313334,0.00631786,0.0119656,0.0206569,0.0327799,0.0545268,0.0681744,0.0829969,0.107576,0.112598,0.140706,0.154248,0.179411,0.202196,0.21939
-23,0.0884205,0.0746519,0.0413699,0.0260043,0.013981,0.00563754,0.00231508,0.000680934,0.000196841,3.99596e-05,1.12535e-05,1.71664e-06,1.90738e-07,1.90738e-07,1.90738e-07,1.90738e-07,1.90738e-07,1.90738e-07,1.90738e-07,1.90738e-07,1.90738e-07,1.90738e-07,1.90738e-07,1.90738e-07,1.90738e-07,1.90738e-07,1.90738e-07,1.90738e-07,1.90738e-07,1.90738e-07,1.90738e-07,1.90738e-07,1.90738e-07,1.90738e-07,1.90738e-07,1.90738e-07,1.90738e-07,1.90738e-07,1.90738e-07,1.90738e-07,1.90738e-07,1.90738e-07,1.90738e-07,4.76844e-07,1.2398e-06,1.11582e-05,5.7126e-05,0.000193599,0.000648318,0.00166018,0.0039332,0.008523,0.0154122,0.0213068,0.0322963,0.0475696,0.0741641,0.0830457,0.103806,0.114593,0.134307,0.15329,0.176779,0.199203,0.23047
-24,0.0947466,0.0719294,0.0504361,0.0341885,0.0175356,0.00698082,0.00263247,0.000929942,0.00026236,6.53277e-05,1.12535e-05,1.90738e-06,2.86107e-07,1.90738e-07,1.90738e-07,1.90738e-07,1.90738e-07,1.90738e-07,1.90738e-07,1.90738e-07,1.90738e-07,1.90738e-07,1.90738e-07,1.90738e-07,1.90738e-07,1.90738e-07,1.90738e-07,1.90738e-07,1.90738e-07,1.90738e-07,1.90738e-07,1.90738e-07,1.90738e-07,1.90738e-07,1.90738e-07,1.90738e-07,1.90738e-07,1.90738e-07,1.90738e-07,1.90738e-07,1.90738e-07,1.90738e-07,1.90738e-07,1.90738e-07,3.14717e-06,1.90738e-05,8.23033e-05,0.000339704,0.00076915,0.00206273,0.00465705,0.0110392,0.014148,0.0291972,0.0427486,0.051066,0.0621795,0.0884857,0.114395,0.114527,0.142511,0.155625,0.176985,0.196821,0.223865
-25,0.112065,0.0743755,0.0551254,0.0297849,0.0184005,0.00889271,0.00331216,0.00121633,0.000354963,8.78347e-05,1.77386e-05,2.7657e-06,5.72213e-07,1.90738e-07,1.90738e-07,1.90738e-07,1.90738e-07,1.90738e-07,1.90738e-07,1.90738e-07,1.90738e-07,1.90738e-07,1.90738e-07,1.90738e-07,1.90738e-07,1.90738e-07,1.90738e-07,1.90738e-07,1.90738e-07,1.90738e-07,1.90738e-07,1.90738e-07,1.90738e-07,1.90738e-07,1.90738e-07,1.90738e-07,1.90738e-07,1.90738e-07,1.90738e-07,1.90738e-07,1.90738e-07,1.90738e-07,1.90738e-07,3.81476e-07,4.95918e-06,2.51774e-05,0.000100805,0.000379187,0.000906958,0.00254664,0.00513533,0.0104185,0.0234529,0.0249945,0.0438721,0.0608407,0.0698477,0.0965345,0.113431,0.127206,0.138033,0.15916,0.177879,0.208101,0.217442
-26,0.120755,0.0773108,0.0557084,0.0367618,0.0203891,0.0102019,0.00459945,0.00145991,0.000491054,0.000110723,2.45098e-05,4.00549e-06,5.72213e-07,1.90738e-07,1.90738e-07,1.90738e-07,1.90738e-07,1.90738e-07,1.90738e-07,1.90738e-07,1.90738e-07,1.90738e-07,1.90738e-07,1.90738e-07,1.90738e-07,1.90738e-07,1.90738e-07,1.90738e-07,1.90738e-07,1.90738e-07,1.90738e-07,1.90738e-07,1.90738e-07,1.90738e-07,1.90738e-07,1.90738e-07,1.90738e-07,1.90738e-07,1.90738e-07,1.90738e-07,1.90738e-07,1.90738e-07,2.86107e-07,9.53689e-07,7.24804e-06,4.48234e-05,0.000187877,0.000457485,0.00120518,0.00318627,0.00581016,0.0117403,0.0210354,0.0334621,0.0457229,0.0618899,0.0728166,0.0906583,0.109921,0.127905,0.135063,0.152871,0.177145,0.204853,0.21593
-27,0.142416,0.0924407,0.0609092,0.042684,0.0254044,0.0116931,0.00519875,0.00169375,0.000575647,0.000124933,3.26162e-05,7.62951e-06,6.67582e-07,1.90738e-07,1.90738e-07,1.90738e-07,1.90738e-07,1.90738e-07,1.90738e-07,1.90738e-07,1.90738e-07,1.90738e-07,1.90738e-07,1.90738e-07,1.90738e-07,1.90738e-07,1.90738e-07,1.90738e-07,1.90738e-07,1.90738e-07,1.90738e-07,1.90738e-07,1.90738e-07,1.90738e-07,1.90738e-07,1.90738e-07,1.90738e-07,1.90738e-07,1.90738e-07,1.90738e-07,1.90738e-07,1.90738e-07,1.90738e-07,1.33516e-06,1.37331e-05,5.24529e-05,0.000185588,0.000667487,0.00156786,0.0038221,0.00732162,0.0131651,0.0270821,0.0311403,0.0498836,0.0583065,0.0857818,0.100717,0.110212,0.124246,0.137901,0.158736,0.170981,0.197967,0.230284
-28,0.131723,0.0899781,0.0659389,0.0469022,0.0272102,0.0162551,0.0061943,0.0022796,0.000690948,0.00020161,4.97826e-05,1.28748e-05,1.90738e-06,1.90738e-07,1.90738e-07,1.90738e-07,1.90738e-07,1.90738e-07,1.90738e-07,1.90738e-07,1.90738e-07,1.90738e-07,1.90738e-07,1.90738e-07,1.90738e-07,1.90738e-07,1.90738e-07,1.90738e-07,1.90738e-07,1.90738e-07,1.90738e-07,1.90738e-07,1.90738e-07,1.90738e-07,1.90738e-07,1.90738e-07,1.90738e-07,1.90738e-07,1.90738e-07,1.90738e-07,1.90738e-07,1.90738e-07,3.81476e-07,3.71939e-06,1.90738e-05,8.80255e-05,0.000236419,0.000892367,0.00205463,0.00408846,0.00774714,0.0140009,0.0243806,0.0445874,0.0518541,0.0633542,0.0830136,0.0965647,0.119715,0.12519,0.140308,0.155048,0.17448,0.19608,0.23236
-29,0.113546,0.0908923,0.0735777,0.0476772,0.0283339,0.0143115,0.00695155,0.00278515,0.00101701,0.000281434,6.90471e-05,9.823e-06,3.71939e-06,4.76844e-07,1.90738e-07,1.90738e-07,1.90738e-07,1.90738e-07,1.90738e-07,1.90738e-07,1.90738e-07,1.90738e-07,1.90738e-07,1.90738e-07,1.90738e-07,1.90738e-07,1.90738e-07,1.90738e-07,1.90738e-07,1.90738e-07,1.90738e-07,1.90738e-07,1.90738e-07,1.90738e-07,1.90738e-07,1.90738e-07,1.90738e-07,1.90738e-07,1.90738e-07,1.90738e-07,1.90738e-07,1.90738e-07,1.90738e-07,4.57771e-06,2.26024e-05,0.000109483,0.000311093,0.000950732,0.00247282,0.0050556,0.00927427,0.0185843,0.0235269,0.038019,0.054712,0.0855886,0.0809894,0.097511,0.113857,0.127599,0.141039,0.154066,0.17362,0.196054,0.225212
-30,0.135387,0.102181,0.0857619,0.0567305,0.0313362,0.0190227,0.00909611,0.00301204,0.00117466,0.000310712,7.66766e-05,1.97414e-05,3.43328e-06,4.76844e-07,1.90738e-07,1.90738e-07,1.90738e-07,1.90738e-07,1.90738e-07,1.90738e-07,1.90738e-07,1.90738e-07,1.90738e-07,1.90738e-07,1.90738e-07,1.90738e-07,1.90738e-07,1.90738e-07,1.90738e-07,1.90738e-07,1.90738e-07,1.90738e-07,1.90738e-07,1.90738e-07,1.90738e-07,1.90738e-07,1.90738e-07,1.90738e-07,1.90738e-07,1.90738e-07,1.90738e-07,2.86107e-07,9.53689e-07,6.00824e-06,3.58587e-05,0.000152686,0.000438602,0.00149605,0.00351005,0.00678437,0.0118857,0.0217156,0.0278632,0.0394649,0.0622864,0.0686152,0.0917166,0.108223,0.112558,0.123959,0.141013,0.160958,0.179948,0.206813,0.218589
-31,0.137591,0.120156,0.101738,0.0617324,0.0353801,0.0190368,0.00946587,0.00369774,0.00137989,0.000494488,0.000107671,3.0518e-05,1.03952e-05,1.5259e-06,1.90738e-07,1.90738e-07,1.90738e-07,1.90738e-07,1.90738e-07,1.90738e-07,1.90738e-07,1.90738e-07,1.90738e-07,1.90738e-07,1.90738e-07,1.90738e-07,1.90738e-07,1.90738e-07,1.90738e-07,1.90738e-07,1.90738e-07,1.90738e-07,1.90738e-07,1.90738e-07,1.90738e-07,1.90738e-07,1.90738e-07,1.90738e-07,1.90738e-07,1.90738e-07,1.90738e-07,1.90738e-07,1.90738e-06,8.20172e-06,4.58724e-05,0.000222972,0.000635824,0.00165408,0.00394112,0.00716684,0.0126052,0.0210181,0.0321577,0.0463423,0.0679522,0.0814189,0.0896499,0.110352,0.115487,0.130722,0.145539,0.153084,0.17412,0.195572,0.215993
-32,0.130825,0.137037,0.0995372,0.0621539,0.0380523,0.0261722,0.0131033,0.00468805,0.00197118,0.000648032,0.000149443,2.98505e-05,1.03952e-05,1.04906e-06,1.90738e-07,2.86107e-07,1.90738e-07,1.90738e-07,1.90738e-07,1.90738e-07,1.90738e-07,1.90738e-07,1.90738e-07,1.90738e-07,1.90738e-07,1.90738e-07,1.90738e-07,1.90738e-07,1.90738e-07,1.90738e-07,1.90738e-07,1.90738e-07,1.90738e-07,1.90738e-07,1.90738e-07,1.90738e-07,1.90738e-07,1.90738e-07,1.90738e-07,1.90738e-07,1.90738e-07,6.67582e-07,4.57771e-06,1.58312e-05,6.21805e-05,0.000292592,0.000680552,0.00180476,0.00436875,0.00838461,0.014918,0.0249584,0.035768,0.0507352,0.0737562,0.077813,0.0860817,0.112548,0.119697,0.135226,0.141282,0.152593,0.17532,0.201065,0.229838
-33,0.166595,0.109609,0.112218,0.0677463,0.0471015,0.0236364,0.0138457,0.00584068,0.0023456,0.000825036,0.000215915,3.42374e-05,1.68803e-05,2.86107e-06,1.90738e-07,1.90738e-07,1.90738e-07,1.90738e-07,1.90738e-07,1.90738e-07,1.90738e-07,1.90738e-07,1.90738e-07,1.90738e-07,1.90738e-07,1.90738e-07,1.90738e-07,1.90738e-07,1.90738e-07,1.90738e-07,1.90738e-07,1.90738e-07,1.90738e-07,1.90738e-07,1.90738e-07,1.90738e-07,1.90738e-07,1.90738e-07,1.90738e-07,1.90738e-07,1.90738e-07,9.53689e-07,3.43328e-06,2.23163e-05,9.17449e-05,0.00034123,0.00108453,0.00220493,0.00492237,0.00939169,0.0153387,0.0280171,0.0407338,0.0540788,0.0648658,0.0845044,0.0914822,0.117421,0.12415,0.131712,0.148009,0.159487,0.181412,0.201604,0.220018
-34,0.178727,0.11663,0.119241,0.0773841,0.0504862,0.0315704,0.0168046,0.00712495,0.00272259,0.000850023,0.000367838,6.79026e-05,1.72618e-05,5.05455e-06,5.72213e-07,1.90738e-07,1.90738e-07,1.90738e-07,1.90738e-07,1.90738e-07,1.90738e-07,1.90738e-07,1.90738e-07,1.90738e-07,1.90738e-07,1.90738e-07,1.90738e-07,1.90738e-07,1.90738e-07,1.90738e-07,1.90738e-07,1.90738e-07,1.90738e-07,1.90738e-07,1.90738e-07,1.90738e-07,1.90738e-07,1.90738e-07,1.90738e-07,1.90738e-07,1.90738e-07,1.33516e-06,5.91287e-06,3.3856e-05,0.000131895,0.000497444,0.00121128,0.00305362,0.00651905,0.0112514,0.0182942,0.0322629,0.0545819,0.06004,0.0755964,0.0941555,0.106081,0.112274,0.121683,0.133992,0.147888,0.165379,0.180277,0.20126,0.220311
-35,0.181891,0.147761,0.0971754,0.0903782,0.0540362,0.0343995,0.0187201,0.00734457,0.00336633,0.00118048,0.00040589,9.59411e-05,2.69894e-05,4.10086e-06,1.2398e-06,1.90738e-07,1.90738e-07,1.90738e-07,1.90738e-07,1.90738e-07,1.90738e-07,1.90738e-07,1.90738e-07,1.90738e-07,1.90738e-07,1.90738e-07,1.90738e-07,1.90738e-07,1.90738e-07,1.90738e-07,1.90738e-07,1.90738e-07,1.90738e-07,1.90738e-07,1.90738e-07,1.90738e-07,1.90738e-07,1.90738e-07,1.90738e-07,1.90738e-07,6.67582e-07,5.72213e-07,1.08721e-05,5.34066e-05,0.000164702,0.000665103,0.00170329,0.00375572,0.00799788,0.0110642,0.0215451,0.0269045,0.0446776,0.05506,0.0696888,0.0917037,0.108931,0.11531,0.119853,0.132776,0.149428,0.160807,0.182974,0.205938,0.228155
-36,0.181085,0.157901,0.10312,0.10543,0.0591985,0.0384777,0.0180288,0.0103575,0.00398585,0.00143683,0.000462825,0.000135901,3.54772e-05,9.15541e-06,2.09812e-06,4.76844e-07,1.90738e-07,1.90738e-07,1.90738e-07,1.90738e-07,1.90738e-07,1.90738e-07,1.90738e-07,1.90738e-07,1.90738e-07,1.90738e-07,1.90738e-07,1.90738e-07,1.90738e-07,1.90738e-07,1.90738e-07,1.90738e-07,1.90738e-07,1.90738e-07,1.90738e-07,1.90738e-07,1.90738e-07,1.90738e-07,1.90738e-07,1.90738e-07,1.90738e-07,1.81201e-06,1.50683e-05,6.63767e-05,0.000265698,0.00089065,0.00180285,0.00474041,0.00847245,0.0155813,0.0211971,0.0313888,0.0466923,0.0703147,0.0842799,0.103085,0.103745,0.11403,0.126224,0.137474,0.151542,0.161932,0.181975,0.210135,0.231366
-37,0.169963,0.150255,0.120789,0.0767893,0.0624477,0.0378728,0.0207013,0.0113258,0.00451791,0.00197337,0.00059081,0.000174144,4.13901e-05,1.01091e-05,2.47959e-06,3.81476e-07,1.90738e-07,1.90738e-07,1.90738e-07,1.90738e-07,1.90738e-07,1.90738e-07,1.90738e-07,1.90738e-07,1.90738e-07,1.90738e-07,1.90738e-07,1.90738e-07,1.90738e-07,1.90738e-07,1.90738e-07,1.90738e-07,1.90738e-07,1.90738e-07,1.90738e-07,1.90738e-07,1.90738e-07,1.90738e-07,1.90738e-07,1.90738e-07,5.72213e-07,3.0518e-06,2.21256e-05,0.000111486,0.000358396,0.00101644,0.00227541,0.00490454,0.00930329,0.0172557,0.0257796,0.0367145,0.0515737,0.0620992,0.07464,0.100105,0.108539,0.121546,0.130131,0.140973,0.149148,0.160432,0.180973,0.207621,0.234
-38,0.167187,0.141925,0.112464,0.0936858,0.0689089,0.0490415,0.0232764,0.0128541,0.00544442,0.00196298,0.000813878,0.000274186,4.18669e-05,1.77386e-05,3.14717e-06,8.5832e-07,1.90738e-07,1.90738e-07,1.90738e-07,1.90738e-07,1.90738e-07,1.90738e-07,1.90738e-07,1.90738e-07,1.90738e-07,1.90738e-07,1.90738e-07,1.90738e-07,1.90738e-07,1.90738e-07,1.90738e-07,1.90738e-07,1.90738e-07,1.90738e-07,1.90738e-07,1.90738e-07,1.90738e-07,1.90738e-07,1.90738e-07,1.90738e-07,1.33516e-06,6.48508e-06,3.10903e-05,0.000107576,0.000420291,0.00139391,0.00325151,0.00610714,0.0118259,0.0210861,0.0302379,0.0390313,0.0551021,0.0722843,0.087882,0.100836,0.119368,0.12094,0.128888,0.145514,0.157061,0.165563,0.188112,0.203182,0.2229
-39,0.202073,0.176778,0.133505,0.111122,0.0742288,0.0518015,0.027438,0.01351,0.00588712,0.00282158,0.000934043,0.000275425,6.74258e-05,2.27932e-05,3.14717e-06,5.72213e-07,2.86107e-07,1.90738e-07,1.90738e-07,1.90738e-07,1.90738e-07,1.90738e-07,1.90738e-07,1.90738e-07,1.90738e-07,1.90738e-07,1.90738e-07,1.90738e-07,1.90738e-07,1.90738e-07,1.90738e-07,1.90738e-07,1.90738e-07,1.90738e-07,1.90738e-07,1.90738e-07,1.90738e-07,1.90738e-07,1.90738e-07,1.90738e-07,1.81201e-06,6.29435e-06,4.17716e-05,0.00016289,0.000544175,0.00156996,0.00384346,0.00737546,0.0122786,0.0217125,0.0297684,0.045832,0.0570353,0.0734684,0.0913851,0.0920193,0.115928,0.125818,0.132852,0.141238,0.155068,0.17508,0.191507,0.201136,0.234789
-40,0.205931,0.182773,0.153867,0.125373,0.0879713,0.0563714,0.0302821,0.0148453,0.00835489,0.00335431,0.00112545,0.000439841,0.000136568,3.41421e-05,4.95918e-06,2.00275e-06,2.86107e-07,1.90738e-07,1.90738e-07,1.90738e-07,1.90738e-07,1.90738e-07,1.90738e-07,1.90738e-07,1.90738e-07,1.90738e-07,1.90738e-07,1.90738e-07,1.90738e-07,1.90738e-07,1.90738e-07,1.90738e-07,1.90738e-07,1.90738e-07,1.90738e-07,1.90738e-07,1.90738e-07,1.90738e-07,1.90738e-07,5.72213e-07,2.67033e-06,1.55451e-05,7.38155e-05,0.000242046,0.000748074,0.00228599,0.00463006,0.00848706,0.0143588,0.0276421,0.031623,0.0538826,0.0737098,0.0831797,0.102988,0.107735,0.122438,0.12603,0.13411,0.147398,0.161297,0.167934,0.182118,0.213746,0.235585
-41,0.182611,0.177314,0.154331,0.137679,0.102784,0.0584801,0.0345766,0.0195176,0.010754,0.00372587,0.00146124,0.000556573,0.000153639,3.59541e-05,6.86656e-06,2.28885e-06,5.72213e-07,2.86107e-07,1.90738e-07,1.90738e-07,1.90738e-07,1.90738e-07,1.90738e-07,1.90738e-07,1.90738e-07,1.90738e-07,1.90738e-07,1.90738e-07,1.90738e-07,1.90738e-07,1.90738e-07,1.90738e-07,1.90738e-07,1.90738e-07,1.90738e-07,1.90738e-07,1.90738e-07,1.90738e-07,1.90738e-07,4.76844e-07,4.86381e-06,2.47959e-05,8.57366e-05,0.000345903,0.00123598,0.00274767,0.00573825,0.0103157,0.0176015,0.0299523,0.0385026,0.0507163,0.0623989,0.0879106,0.0884132,0.108539,0.120033,0.129856,0.139874,0.154027,0.156598,0.172641,0.193526,0.212169,0.231965
-42,0.21569,0.154681,0.159127,0.10489,0.0888298,0.0614085,0.0352461,0.0195092,0.0096699,0.00464675,0.00200036,0.000638876,0.000171473,4.53002e-05,1.65942e-05,2.95644e-06,1.90738e-07,1.90738e-07,1.90738e-07,1.90738e-07,1.90738e-07,1.90738e-07,1.90738e-07,1.90738e-07,1.90738e-07,1.90738e-07,1.90738e-07,1.90738e-07,1.90738e-07,1.90738e-07,1.90738e-07,1.90738e-07,1.90738e-07,1.90738e-07,1.90738e-07,1.90738e-07,1.90738e-07,1.90738e-07,1.90738e-07,1.14443e-06,6.48508e-06,2.33654e-05,0.000128462,0.000526436,0.00138972,0.00272564,0.00697685,0.0124315,0.0190383,0.0267864,0.0416967,0.0655232,0.0783961,0.0837789,0.105298,0.112978,0.125029,0.126882,0.136537,0.144621,0.160031,0.171453,0.196167,0.215403,0.223878
-43,0.218218,0.169886,0.174073,0.126145,0.0907587,0.0721371,0.0475885,0.0261873,0.0113673,0.00519255,0.00224718,0.000823606,0.000271038,8.04913e-05,1.80247e-05,3.91012e-06,1.04906e-06,3.81476e-07,1.90738e-07,1.90738e-07,1.90738e-07,1.90738e-07,1.90738e-07,1.90738e-07,1.90738e-07,1.90738e-07,1.90738e-07,1.90738e-07,1.90738e-07,1.90738e-07,1.90738e-07,1.90738e-07,1.90738e-07,1.90738e-07,1.90738e-07,1.90738e-07,1.90738e-07,1.90738e-07,3.81476e-07,1.2398e-06,1.10628e-05,4.44419e-05,0.000204566,0.000692378,0.00152638,0.00339523,0.00824832,0.0125488,0.0199973,0.0354259,0.0487862,0.0638473,0.0719811,0.0896737,0.101214,0.11779,0.117721,0.131276,0.144382,0.156224,0.156016,0.180216,0.188892,0.209687,0.232638
-44,0.211458,0.201275,0.145452,0.152834,0.0966252,0.0656822,0.0480801,0.0264494,0.0168718,0.00678257,0.00285716,0.00106279,0.000265412,0.000103857,2.34607e-05,6.00824e-06,9.53689e-07,2.86107e-07,2.86107e-07,1.90738e-07,1.90738e-07,1.90738e-07,1.90738e-07,1.90738e-07,1.90738e-07,1.90738e-07,1.90738e-07,1.90738e-07,1.90738e-07,1.90738e-07,1.90738e-07,1.90738e-07,1.90738e-07,1.90738e-07,1.90738e-07,1.90738e-07,1.90738e-07,1.90738e-07,3.81476e-07,4.00549e-06,1.46868e-05,7.27665e-05,0.000301366,0.000841154,0.00218271,0.00464933,0.00794962,0.015326,0.0223967,0.0301091,0.0530085,0.0705837,0.0809462,0.0950728,0.108855,0.114582,0.124024,0.135417,0.142057,0.159249,0.172677,0.185065,0.20293,0.212265,0.239325
-45,0.195045,0.204184,0.150255,0.149378,0.127045,0.0822313,0.0460167,0.0318305,0.0165173,0.00923308,0.00322433,0.00131304,0.000439746,0.000125887,3.55726e-05,9.34615e-06,1.81201e-06,7.62951e-07,1.90738e-07,1.90738e-07,1.90738e-07,1.90738e-07,1.90738e-07,1.90738e-07,1.90738e-07,1.90738e-07,1.90738e-07,1.90738e-07,1.90738e-07,1.90738e-07,1.90738e-07,1.90738e-07,1.90738e-07,1.90738e-07,1.90738e-07,1.90738e-07,1.90738e-07,1.90738e-07,4.76844e-07,3.91012e-06,2.59403e-05,7.52461e-05,0.000424392,0.00107347,0.0024114,0.00522059,0.0101861,0.0192039,0.0242962,0.0369438,0.0501807,0.0646171,0.0764135,0.0861419,0.108469,0.11787,0.126823,0.135474,0.145233,0.153921,0.161677,0.185011,0.197802,0.214944,0.237422
-46,0.225052,0.199607,0.182204,0.160625,0.132856,0.105538,0.0572619,0.0349663,0.0168843,0.00831115,0.00399596,0.00148823,0.000503548,0.000176337,5.47417e-05,1.33516e-05,2.09812e-06,6.67582e-07,2.86107e-07,2.86107e-07,1.90738e-07,1.90738e-07,1.90738e-07,1.90738e-07,1.90738e-07,1.90738e-07,1.90738e-07,1.90738e-07,1.90738e-07,1.90738e-07,1.90738e-07,1.90738e-07,1.90738e-07,1.90738e-07,1.90738e-07,1.90738e-07,1.90738e-07,1.90738e-07,8.5832e-07,1.06813e-05,4.32021e-05,0.000167277,0.000517948,0.00148146,0.00306296,0.00809346,0.0125846,0.0153577,0.035512,0.0490563,0.0594191,0.0723504,0.0974531,0.0997612,0.106329,0.122216,0.131908,0.143859,0.149116,0.159823,0.179239,0.189673,0.20256,0.214089,0.226905
-47,0.20531,0.185337,0.196448,0.145092,0.10908,0.0796411,0.0606357,0.038601,0.0210947,0.0106658,0.00479219,0.001705,0.000615988,0.000284009,5.38834e-05,1.55451e-05,4.19623e-06,7.62951e-07,4.76844e-07,1.90738e-07,1.90738e-07,1.90738e-07,1.90738e-07,1.90738e-07,1.90738e-07,1.90738e-07,1.90738e-07,1.90738e-07,1.90738e-07,1.90738e-07,1.90738e-07,1.90738e-07,1.90738e-07,1.90738e-07,1.90738e-07,1.90738e-07,1.90738e-07,1.90738e-07,1.14443e-06,1.38285e-05,5.4551e-05,0.000216964,0.000829423,0.00193427,0.00397393,0.00752411,0.0164403,0.0205587,0.033775,0.0477817,0.068194,0.0673519,0.0867658,0.109555,0.117649,0.123735,0.131179,0.138558,0.160395,0.158223,0.178601,0.191784,0.210427,0.216783,0.229674
-48,0.213776,0.221882,0.1802,0.168073,0.144784,0.0891003,0.0670367,0.0411901,0.0230058,0.0128893,0.0056096,0.00214399,0.000859941,0.000357252,7.57229e-05,2.15534e-05,6.38972e-06,1.14443e-06,2.86107e-07,1.90738e-07,1.90738e-07,1.90738e-07,1.90738e-07,1.90738e-07,1.90738e-07,1.90738e-07,1.90738e-07,1.90738e-07,1.90738e-07,1.90738e-07,1.90738e-07,1.90738e-07,1.90738e-07,1.90738e-07,1.90738e-07,1.90738e-07,1.90738e-07,3.81476e-07,3.52865e-06,1.81201e-05,7.98238e-05,0.000215534,0.00100948,0.00253233,0.00501116,0.00903708,0.0176671,0.0240994,0.036258,0.0522409,0.072888,0.0835796,0.09603,0.10763,0.110433,0.129716,0.133112,0.145504,0.152078,0.170286,0.183972,0.19291,0.201298,0.220623,0.240293
-49,0.235534,0.222243,0.204083,0.181558,0.152265,0.11188,0.0734698,0.0509319,0.0301794,0.0128135,0.00630154,0.00326572,0.00095798,0.000366693,0.000101091,2.65126e-05,6.86656e-06,2.38422e-06,2.86107e-07,1.90738e-07,1.90738e-07,1.90738e-07,1.90738e-07,1.90738e-07,1.90738e-07,1.90738e-07,1.90738e-07,1.90738e-07,1.90738e-07,1.90738e-07,1.90738e-07,1.90738e-07,1.90738e-07,1.90738e-07,1.90738e-07,1.90738e-07,1.90738e-07,4.76844e-07,4.67308e-06,4.57771e-05,0.000141718,0.000317388,0.00124351,0.00263743,0.0054572,0.0114912,0.0155805,0.025864,0.0446019,0.0618934,0.0709683,0.0834407,0.10426,0.107046,0.121756,0.125768,0.142872,0.145119,0.156017,0.168914,0.17485,0.207249,0.204284,0.227276,0.243187
-50,0.23459,0.218917,0.20593,0.170027,0.120292,0.0995853,0.0776777,0.0492538,0.0315316,0.0137768,0.00726639,0.00328307,0.0013674,0.000554284,0.000123503,4.32021e-05,1.18257e-05,2.09812e-06,6.67582e-07,1.90738e-07,1.90738e-07,1.90738e-07,1.90738e-07,1.90738e-07,1.90738e-07,1.90738e-07,1.90738e-07,1.90738e-07,1.90738e-07,1.90738e-07,1.90738e-07,1.90738e-07,1.90738e-07,1.90738e-07,1.90738e-07,1.90738e-07,1.90738e-07,1.14443e-06,4.57771e-06,4.79706e-05,0.000157263,0.000395113,0.00175021,0.00306754,0.0063745,0.0115873,0.0210515,0.0333798,0.0521017,0.0596062,0.0790911,0.0784746,0.0902938,0.112196,0.121534,0.127586,0.135802,0.14614,0.165613,0.176545,0.190742,0.19466,0.213972,0.222854,0.234061
-51,0.233653,0.196542,0.194397,0.179097,0.137632,0.109811,0.0994885,0.0579751,0.0360273,0.0191337,0.00867242,0.00409161,0.00163462,0.000605592,0.000210765,4.87335e-05,1.95506e-05,4.00549e-06,8.5832e-07,2.86107e-07,1.90738e-07,1.90738e-07,1.90738e-07,1.90738e-07,1.90738e-07,1.90738e-07,1.90738e-07,1.90738e-07,1.90738e-07,1.90738e-07,1.90738e-07,1.90738e-07,1.90738e-07,1.90738e-07,1.90738e-07,1.90738e-07,1.90738e-07,7.62951e-07,1.28748e-05,9.09819e-05,0.000237659,0.000643549,0.00179522,0.00462043,0.00755269,0.0156414,0.0250699,0.0348008,0.0515209,0.0565734,0.070933,0.0855361,0.0920701,0.110874,0.11723,0.13496,0.140667,0.153372,0.171657,0.176164,0.184184,0.198917,0.218137,0.221449,0.234949
-52,0.238691,0.217291,0.181799,0.187543,0.13791,0.13644,0.0809315,0.0606717,0.0436064,0.0226872,0.00992098,0.00512264,0.00197395,0.000748836,0.000190452,7.75349e-05,1.30655e-05,3.62402e-06,1.2398e-06,1.90738e-07,1.90738e-07,1.90738e-07,1.90738e-07,1.90738e-07,1.90738e-07,1.90738e-07,1.90738e-07,1.90738e-07,1.90738e-07,1.90738e-07,1.90738e-07,1.90738e-07,1.90738e-07,1.90738e-07,1.90738e-07,1.90738e-07,3.81476e-07,3.14717e-06,2.05997e-05,9.47967e-05,0.000322347,0.000799859,0.0027615,0.00498531,0.0111998,0.0160263,0.0324587,0.0383794,0.0525853,0.0731631,0.0778314,0.0975045,0.111434,0.108721,0.124193,0.133375,0.143331,0.155824,0.167116,0.179472,0.193697,0.201137,0.21017,0.227983,0.241017
-53,0.236896,0.209618,0.21048,0.198639,0.173778,0.140609,0.0998523,0.0686088,0.0378869,0.0219211,0.0120864,0.00600624,0.00273699,0.00107795,0.000404173,8.20172e-05,2.88968e-05,7.43877e-06,1.90738e-06,1.90738e-07,1.90738e-07,1.90738e-07,1.90738e-07,1.90738e-07,1.90738e-07,1.90738e-07,1.90738e-07,1.90738e-07,1.90738e-07,1.90738e-07,1.90738e-07,1.90738e-07,1.90738e-07,1.90738e-07,1.90738e-07,3.81476e-07,4.76844e-07,4.76844e-06,4.10086e-05,0.000162127,0.000422198,0.00124008,0.00330816,0.00619182,0.0113555,0.0196006,0.0261459,0.0412416,0.0581189,0.0689491,0.0775553,0.0923668,0.114539,0.118722,0.12719,0.137221,0.145846,0.151594,0.164845,0.177773,0.189247,0.213418,0.225468,0.226085,0.240565
-54,0.2237,0.226295,0.185841,0.185673,0.180438,0.151927,0.110911,0.0817227,0.0462923,0.0239375,0.0123295,0.00704796,0.00329242,0.00116588,0.000465209,0.000162795,3.82429e-05,1.27794e-05,2.57496e-06,8.5832e-07,5.72213e-07,1.90738e-07,1.90738e-07,1.90738e-07,1.90738e-07,1.90738e-07,1.90738e-07,1.90738e-07,1.90738e-07,1.90738e-07,1.90738e-07,1.90738e-07,1.90738e-07,1.90738e-07,1.90738e-07,1.90738e-07,6.67582e-07,6.77119e-06,3.0518e-05,0.000265698,0.000610647,0.00146105,0.00414034,0.0087085,0.013474,0.020229,0.0315117,0.0438763,0.0552462,0.0638847,0.0801989,0.0950312,0.103168,0.121663,0.134557,0.14028,0.14352,0.160411,0.16421,0.180004,0.205255,0.216429,0.213056,0.230824,0.240033
-55,0.230368,0.235264,0.222002,0.17519,0.152152,0.157415,0.128601,0.0819516,0.0535348,0.0350171,0.0161449,0.00818493,0.00390736,0.00130217,0.000579843,0.00018473,6.3611e-05,1.83108e-05,4.57771e-06,8.5832e-07,1.90738e-07,1.90738e-07,1.90738e-07,1.90738e-07,1.90738e-07,1.90738e-07,1.90738e-07,1.90738e-07,1.90738e-07,1.90738e-07,1.90738e-07,1.90738e-07,1.90738e-07,1.90738e-07,1.90738e-07,1.90738e-07,2.38422e-06,1.20165e-05,5.15946e-05,0.000260548,0.000746548,0.00201991,0.00511664,0.00892534,0.0145191,0.0306757,0.038212,0.0488784,0.0603529,0.081518,0.0916532,0.0971052,0.109104,0.126205,0.129374,0.141851,0.148073,0.156945,0.178833,0.197956,0.202634,0.216199,0.218838,0.225223,0.241106
-56,0.235805,0.237859,0.227048,0.17894,0.176169,0.124535,0.110076,0.0730896,0.0522042,0.0332005,0.0165761,0.0104131,0.00375582,0.00180524,0.000614652,0.000268559,7.06683e-05,3.35698e-05,3.24254e-06,1.04906e-06,2.86107e-07,1.90738e-07,1.90738e-07,1.90738e-07,1.90738e-07,1.90738e-07,1.90738e-07,1.90738e-07,1.90738e-07,1.90738e-07,1.90738e-07,1.90738e-07,1.90738e-07,1.90738e-07,1.90738e-07,6.67582e-07,3.71939e-06,2.27932e-05,0.000119879,0.000422389,0.00130512,0.00278344,0.00591793,0.0116747,0.0165687,0.0270963,0.0387221,0.0555401,0.0706434,0.0927399,0.0949292,0.110866,0.123912,0.122246,0.130103,0.143939,0.158107,0.174162,0.181804,0.194659,0.197235,0.214856,0.22502,0.236615,0.242394
-57,0.231802,0.221762,0.229079,0.206241,0.188579,0.135987,0.140657,0.0756407,0.0618442,0.0338257,0.0180335,0.00957922,0.00472105,0.00183318,0.0007743,0.000357443,9.87068e-05,3.50004e-05,6.00824e-06,1.90738e-06,2.86107e-07,2.86107e-07,1.90738e-07,1.90738e-07,1.90738e-07,1.90738e-07,1.90738e-07,1.90738e-07,1.90738e-07,1.90738e-07,1.90738e-07,1.90738e-07,1.90738e-07,1.90738e-07,1.90738e-07,1.2398e-06,3.24254e-06,3.15671e-05,0.000155165,0.000689422,0.00145733,0.00341545,0.00783215,0.0136445,0.0206397,0.0363441,0.0376603,0.0615452,0.0864156,0.0828674,0.0958658,0.109661,0.121597,0.127937,0.137623,0.141458,0.163933,0.163061,0.179351,0.196041,0.197655,0.216335,0.228057,0.23519,0.246502
-58,0.244534,0.230627,0.235129,0.199122,0.195791,0.17534,0.137586,0.0854211,0.0791639,0.0348591,0.0224043,0.01179,0.00590667,0.00246347,0.00116035,0.000341516,9.51781e-05,4.98779e-05,1.10628e-05,2.09812e-06,8.5832e-07,1.90738e-07,4.76844e-07,1.90738e-07,1.90738e-07,1.90738e-07,1.90738e-07,1.90738e-07,1.90738e-07,1.90738e-07,1.90738e-07,1.90738e-07,1.90738e-07,1.90738e-07,1.90738e-07,3.81476e-07,6.58045e-06,6.94285e-05,0.000208,0.000700771,0.0020242,0.00404707,0.00853132,0.0156188,0.0255147,0.0300365,0.0519954,0.0605799,0.0711461,0.102311,0.102638,0.112808,0.119532,0.130877,0.137106,0.146835,0.158096,0.181393,0.185298,0.204263,0.206514,0.217241,0.231261,0.236848,0.248138
-59,0.244972,0.243661,0.23392,0.203272,0.174518,0.14458,0.151421,0.0904781,0.0908191,0.0597338,0.0239936,0.0122035,0.00746028,0.00324817,0.00123436,0.000478084,0.000165656,5.12131e-05,1.24933e-05,3.81476e-06,9.53689e-07,2.86107e-07,1.90738e-07,1.90738e-07,1.90738e-07,1.90738e-07,1.90738e-07,1.90738e-07,1.90738e-07,1.90738e-07,1.90738e-07,1.90738e-07,1.90738e-07,1.90738e-07,2.86107e-07,2.47959e-06,1.18257e-05,8.74533e-05,0.000443751,0.00108902,0.0027863,0.00469425,0.00965187,0.0197412,0.0208934,0.0415722,0.0526615,0.066629,0.0807486,0.0877684,0.0992102,0.116016,0.12698,0.13052,0.139822,0.155774,0.167833,0.168862,0.183741,0.189791,0.21057,0.222558,0.237161,0.240501,0.245103
-60,0.245855,0.244388,0.230368,0.231148,0.208339,0.176397,0.130361,0.119624,0.0795483,0.0460012,0.0288732,0.0176786,0.00798999,0.00373846,0.00148051,0.000599775,0.000191501,7.29572e-05,2.88014e-05,8.86931e-06,2.38422e-06,3.81476e-07,1.90738e-07,1.90738e-07,1.90738e-07,1.90738e-07,1.90738e-07,1.90738e-07,1.90738e-07,1.90738e-07,1.90738e-07,1.90738e-07,1.90738e-07,1.90738e-07,3.81476e-07,3.14717e-06,2.62264e-05,0.000131609,0.000469787,0.00148156,0.00379978,0.0063195,0.0137122,0.0226877,0.0344502,0.0496562,0.0511255,0.069439,0.0892191,0.090666,0.10909,0.119598,0.131758,0.136278,0.142204,0.152095,0.163,0.177666,0.189634,0.203311,0.205896,0.219904,0.22956,0.240914,0.241722
-61,0.248239,0.241934,0.221642,0.231933,0.216946,0.198351,0.130569,0.135403,0.0766313,0.0604657,0.0372528,0.0199404,0.00924392,0.00399825,0.00193647,0.000814927,0.000243477,0.00011244,3.58587e-05,8.86931e-06,2.86107e-06,5.72213e-07,1.90738e-07,1.90738e-07,1.90738e-07,1.90738e-07,1.90738e-07,1.90738e-07,1.90738e-07,1.90738e-07,1.90738e-07,1.90738e-07,1.90738e-07,1.90738e-07,4.76844e-07,6.19898e-06,4.08179e-05,0.000175479,0.000518711,0.00204471,0.00400397,0.00716539,0.0141643,0.0245431,0.0361396,0.0461364,0.0635054,0.0905236,0.0987894,0.106326,0.115972,0.121734,0.122014,0.135299,0.144603,0.160236,0.174072,0.17956,0.184889,0.208551,0.210756,0.227008,0.234514,0.241175,0.247385
-62,0.245855,0.231409,0.225796,0.196448,0.220686,0.19768,0.175265,0.132641,0.0871106,0.058115,0.0355675,0.0199521,0.0107107,0.00573148,0.00233854,0.000922789,0.000348001,0.000133612,5.44556e-05,1.23026e-05,5.62676e-06,2.19348e-06,1.90738e-07,1.90738e-07,1.90738e-07,1.90738e-07,1.90738e-07,1.90738e-07,1.90738e-07,1.90738e-07,1.90738e-07,1.90738e-07,1.90738e-07,1.90738e-07,1.2398e-06,1.10628e-05,5.21668e-05,0.000287728,0.000744068,0.00249428,0.00530566,0.0105248,0.0139556,0.0261225,0.0391389,0.054788,0.0674275,0.0749561,0.10022,0.104875,0.114586,0.119852,0.128955,0.135347,0.143503,0.165178,0.175867,0.188466,0.191293,0.206833,0.227325,0.227853,0.23609,0.234497,0.248919
-63,0.246298,0.239389,0.221882,0.222726,0.198543,0.16828,0.141337,0.11686,0.0947477,0.0653052,0.0472046,0.0213076,0.0138668,0.00632968,0.00241417,0.0012541,0.000407988,0.00016146,4.32975e-05,1.50683e-05,4.48234e-06,1.14443e-06,8.5832e-07,2.86107e-07,1.90738e-07,1.90738e-07,1.90738e-07,1.90738e-07,1.90738e-07,1.90738e-07,1.90738e-07,1.90738e-07,1.90738e-07,1.90738e-07,2.57496e-06,1.17304e-05,8.24941e-05,0.000348383,0.00138523,0.00333114,0.00670918,0.0108335,0.0229441,0.0320509,0.0495083,0.0636132,0.0726174,0.0767213,0.0990441,0.102796,0.11813,0.120686,0.136179,0.145987,0.153479,0.158862,0.174628,0.182221,0.198003,0.215425,0.221089,0.230247,0.232112,0.242825,0.247221
-64,0.243082,0.246892,0.240938,0.237308,0.195417,0.210588,0.180041,0.125335,0.0931319,0.0621256,0.0496599,0.0256751,0.0148614,0.00734615,0.00306115,0.00131008,0.000449664,0.000186637,9.26986e-05,1.20165e-05,9.72763e-06,1.90738e-06,4.76844e-07,5.72213e-07,1.90738e-07,1.90738e-07,1.90738e-07,1.90738e-07,1.90738e-07,1.90738e-07,1.90738e-07,1.90738e-07,1.90738e-07,3.81476e-07,4.19623e-06,2.05043e-05,0.000165465,0.000628195,0.00151532,0.00552043,0.00829082,0.0148728,0.0201406,0.0394022,0.047782,0.0712119,0.0708949,0.0993102,0.0960338,0.106048,0.119437,0.125506,0.136722,0.145686,0.151688,0.165089,0.170452,0.188334,0.203421,0.212794,0.219904,0.230452,0.235279,0.243813,0.244949
-65,0.24854,0.246595,0.244534,0.233653,0.230497,0.17437,0.195138,0.165895,0.0954098,0.0683683,0.041436,0.0328491,0.0157398,0.0091869,0.0045882,0.00173075,0.000676452,0.00029097,0.00012417,3.18532e-05,1.04906e-05,3.43328e-06,4.76844e-07,1.90738e-07,2.86107e-07,1.90738e-07,1.90738e-07,1.90738e-07,1.90738e-07,1.90738e-07,1.90738e-07,1.90738e-07,1.90738e-07,6.67582e-07,6.38972e-06,4.9115e-05,0.000237278,0.000717556,0.00189059,0.00576581,0.00921975,0.0143982,0.0249908,0.0367401,0.0481018,0.0763324,0.0914799,0.0970809,0.105786,0.115528,0.117804,0.130528,0.138605,0.143738,0.15343,0.171858,0.182029,0.201914,0.202592,0.219049,0.22739,0.23222,0.242348,0.244374,0.247253
-66,0.245413,0.246002,0.243951,0.239669,0.23154,0.212776,0.184918,0.171235,0.136942,0.0822313,0.0478052,0.0322161,0.0159892,0.0110705,0.00518454,0.00212587,0.00091516,0.000250916,0.000151255,3.14717e-05,1.44961e-05,5.24529e-06,1.62127e-06,2.86107e-07,4.76844e-07,1.90738e-07,1.90738e-07,1.90738e-07,1.90738e-07,1.90738e-07,1.90738e-07,1.90738e-07,1.90738e-07,1.14443e-06,1.10628e-05,7.82025e-05,0.000410372,0.0012953,0.00268034,0.00655087,0.013417,0.0206777,0.0324744,0.0528616,0.0655237,0.0763326,0.0796958,0.0994925,0.109815,0.12148,0.125162,0.129179,0.139725,0.146032,0.155957,0.175436,0.184405,0.196637,0.209749,0.218496,0.230317,0.237937,0.241932,0.244331,0.248436
-67,0.249145,0.24222,0.243951,0.221522,0.226295,0.223822,0.196448,0.13518,0.139984,0.0825462,0.0610515,0.0397626,0.0254454,0.0105894,0.0052018,0.00279803,0.00120031,0.000417334,0.000216297,6.18944e-05,2.51774e-05,6.67582e-06,2.57496e-06,5.72213e-07,4.76844e-07,2.86107e-07,1.90738e-07,1.90738e-07,1.90738e-07,1.90738e-07,1.90738e-07,1.90738e-07,2.86107e-07,8.5832e-07,1.71664e-05,0.000101759,0.000434501,0.00145027,0.00399624,0.0109431,0.0111113,0.0179359,0.0362894,0.043108,0.063573,0.0776571,0.0833461,0.098171,0.107608,0.123046,0.127159,0.137015,0.145571,0.15822,0.156124,0.171308,0.186676,0.198365,0.219938,0.218481,0.229095,0.237623,0.244177,0.24255,0.250059
-68,0.249145,0.24556,0.247041,0.240513,0.213887,0.224558,0.166434,0.1802,0.136988,0.120221,0.0601284,0.0464551,0.0232144,0.0136029,0.00651347,0.0029715,0.00133917,0.000602445,0.000212482,8.23987e-05,2.67987e-05,9.63226e-06,2.28885e-06,2.28885e-06,5.72213e-07,1.90738e-07,2.86107e-07,1.90738e-07,1.90738e-07,1.90738e-07,2.86107e-07,1.90738e-07,3.81476e-07,3.52865e-06,3.24254e-05,0.000180724,0.000617323,0.00225566,0.00427186,0.0119462,0.0166884,0.0306863,0.0396789,0.0584805,0.0702503,0.0934181,0.101438,0.0989161,0.106601,0.115396,0.130916,0.13659,0.143716,0.156067,0.17079,0.181007,0.192891,0.204301,0.210796,0.225076,0.22956,0.236833,0.243958,0.246282,0.247356
-69,0.249905,0.248842,0.245119,0.244972,0.238275,0.229593,0.176854,0.186773,0.107111,0.100145,0.0586391,0.0392332,0.0295481,0.0152675,0.0080636,0.00389057,0.00160191,0.000735866,0.000231174,9.69902e-05,4.09133e-05,1.75479e-05,3.71939e-06,4.86381e-06,2.86107e-07,4.76844e-07,1.90738e-07,2.86107e-07,1.90738e-07,3.81476e-07,2.86107e-07,1.90738e-07,1.90738e-07,4.86381e-06,4.0341e-05,0.000391775,0.000975814,0.00300145,0.00527819,0.0166613,0.0231563,0.0372691,0.0428765,0.0589154,0.0620037,0.0851175,0.110374,0.110178,0.117137,0.124153,0.132803,0.143426,0.142878,0.170228,0.169437,0.177095,0.195921,0.199269,0.218608,0.225166,0.240349,0.241319,0.242715,0.246885,0.24704
-70,0.248842,0.249296,0.241221,0.245266,0.237034,0.229464,0.220212,0.148619,0.123483,0.0880469,0.0790417,0.0468966,0.0242881,0.0178863,0.00856506,0.00502251,0.00232748,0.00100061,0.000335031,0.0001421,7.03822e-05,1.55451e-05,1.01091e-05,5.24529e-06,8.5832e-07,6.67582e-07,2.86107e-07,4.76844e-07,1.90738e-07,1.90738e-07,2.86107e-07,6.67582e-07,1.14443e-06,9.823e-06,8.38293e-05,0.000414282,0.00168374,0.00502356,0.00688989,0.01715,0.0290288,0.0382504,0.0477484,0.0451091,0.081743,0.0837362,0.0944704,0.113018,0.124621,0.129529,0.133532,0.141084,0.159374,0.157309,0.170002,0.18097,0.195879,0.204386,0.211378,0.225876,0.235591,0.237633,0.243637,0.248004,0.248736
-71,0.249145,0.24719,0.247489,0.244242,0.235399,0.22033,0.218567,0.181961,0.166637,0.112033,0.0768037,0.0610788,0.034871,0.0189786,0.0117859,0.00490101,0.00264706,0.00081445,0.000569066,0.000169947,6.62814e-05,2.77523e-05,7.0573e-06,4.00549e-06,1.71664e-06,4.76844e-07,1.33516e-06,1.90738e-07,4.76844e-07,3.81476e-07,3.81476e-07,1.90738e-07,2.28885e-06,1.84062e-05,9.83253e-05,0.000698768,0.00186904,0.00481575,0.0133026,0.0163268,0.0354007,0.0435072,0.0535443,0.0633758,0.0805701,0.0879974,0.0928986,0.121334,0.114709,0.129936,0.136218,0.141142,0.158157,0.165377,0.173786,0.200273,0.203553,0.210175,0.222468,0.229384,0.234388,0.241417,0.24458,0.246693,0.249754
-72,0.249145,0.24615,0.248088,0.245707,0.240654,0.212335,0.227174,0.188233,0.160625,0.108964,0.0924175,0.0480294,0.0358947,0.020278,0.012164,0.0063961,0.00274147,0.00131523,0.000621519,0.000244049,0.000102045,4.25345e-05,1.10628e-05,5.05455e-06,1.5259e-06,1.43053e-06,9.53689e-07,4.76844e-07,2.86107e-07,3.81476e-07,5.72213e-07,7.62951e-07,1.14443e-06,1.80247e-05,0.00022488,0.000841535,0.00227445,0.00685891,0.0102296,0.0243994,0.037828,0.0276568,0.0684016,0.0784011,0.0705291,0.0930681,0.0998806,0.114039,0.126775,0.130931,0.139669,0.153813,0.155638,0.1686,0.179487,0.191238,0.208014,0.215637,0.228999,0.23042,0.235477,0.242546,0.246867,0.2487,0.25021
-73,0.248389,0.249145,0.247489,0.245855,0.236077,0.23995,0.215123,0.156812,0.160374,0.13805,0.089314,0.0653573,0.0404818,0.0272048,0.0182554,0.00709115,0.00328784,0.00179465,0.000919738,0.000225261,8.72625e-05,4.32975e-05,1.85016e-05,6.10361e-06,3.33791e-06,7.62951e-07,7.62951e-07,8.5832e-07,6.67582e-07,1.2398e-06,1.71664e-06,8.5832e-07,3.52865e-06,4.40604e-05,0.000261025,0.00146801,0.00288596,0.00869203,0.0123647,0.0221365,0.035578,0.0519627,0.0709802,0.0747658,0.0908394,0.109914,0.109028,0.121009,0.126951,0.130811,0.13629,0.14994,0.155778,0.176384,0.18478,0.205604,0.198796,0.209966,0.220686,0.235417,0.23909,0.245309,0.244699,0.246518,0.248883
-74,0.249145,0.249752,0.248842,0.247339,0.245119,0.2188,0.209511,0.216145,0.142467,0.165026,0.0840711,0.0687008,0.0481027,0.0253557,0.0133925,0.00976977,0.00397374,0.00209134,0.00104582,0.00041371,0.000177863,7.73442e-05,3.25208e-05,8.96468e-06,7.82025e-06,2.09812e-06,2.67033e-06,1.14443e-06,8.5832e-07,1.43053e-06,1.2398e-06,7.62951e-07,1.00137e-05,7.24804e-05,0.000443847,0.00159934,0.00412289,0.0111575,0.0302372,0.0337112,0.0378708,0.0592227,0.0602215,0.0818228,0.0983355,0.104156,0.120713,0.118237,0.132205,0.130175,0.145789,0.159053,0.163352,0.164857,0.188261,0.197697,0.204516,0.215663,0.224624,0.237055,0.235012,0.244421,0.246629,0.248356,0.249524
-75,0.249752,0.248842,0.249296,0.239109,0.24468,0.23567,0.203474,0.217869,0.17549,0.168905,0.121074,0.0659042,0.0571022,0.0255438,0.0180153,0.00948758,0.00461385,0.00272889,0.00119268,0.000430304,0.000266079,9.308e-05,4.04364e-05,1.98367e-05,1.28748e-05,4.10086e-06,3.14717e-06,1.62127e-06,1.71664e-06,2.19348e-06,2.67033e-06,1.14443e-06,1.25887e-05,5.90333e-05,0.000745975,0.00243524,0.00583696,0.0134672,0.0152581,0.0345406,0.0490651,0.0551838,0.0754394,0.0788832,0.096331,0.103861,0.119404,0.110833,0.128714,0.1458,0.145066,0.150395,0.172717,0.168553,0.183359,0.193157,0.21033,0.227428,0.232415,0.242391,0.240995,0.245593,0.248148,0.248397,0.250057
-76,0.248993,0.24719,0.248239,0.243227,0.245707,0.24009,0.231671,0.20187,0.187715,0.123932,0.119905,0.0996095,0.0529671,0.0299916,0.0226059,0.00887767,0.0055601,0.00299878,0.00143931,0.000708782,0.000285821,0.000146677,4.79706e-05,1.98367e-05,1.82155e-05,5.14992e-06,8.29709e-06,4.19623e-06,3.43328e-06,2.38422e-06,2.09812e-06,5.05455e-06,3.01366e-05,0.00018101,0.000567445,0.00381552,0.00654014,0.0147594,0.0329906,0.0341848,0.0460851,0.0661111,0.0842206,0.0953353,0.0961498,0.112052,0.121476,0.123819,0.135367,0.139527,0.155848,0.154782,0.175987,0.178886,0.195754,0.204345,0.218967,0.221969,0.228305,0.235982,0.246322,0.245912,0.248579,0.248073,0.249753
-77,0.249905,0.248993,0.247489,0.24009,0.241648,0.242363,0.23567,0.222848,0.184918,0.119485,0.121505,0.0814465,0.0617976,0.0410251,0.021893,0.0111662,0.00642903,0.00391051,0.00193942,0.000633917,0.00020037,9.69902e-05,5.92241e-05,2.03136e-05,1.79294e-05,8.39246e-06,6.86656e-06,4.48234e-06,2.95644e-06,2.00275e-06,3.52865e-06,7.43877e-06,4.5491e-05,0.000272564,0.00146897,0.00285267,0.00783526,0.0205487,0.0255513,0.0504543,0.0600798,0.0713187,0.0830997,0.0859483,0.0943061,0.117288,0.127335,0.130288,0.137636,0.146541,0.153437,0.161472,0.168089,0.169483,0.189198,0.2023,0.215926,0.221456,0.229445,0.240756,0.245247,0.244097,0.24711,0.249149,0.249187
-78,0.249448,0.249752,0.249145,0.24854,0.248088,0.226922,0.23459,0.221642,0.171307,0.184585,0.104595,0.0735622,0.0647785,0.0349991,0.022926,0.0155793,0.0075102,0.00406138,0.00280108,0.00106031,0.000474365,0.000198653,6.80934e-05,4.74937e-05,2.71801e-05,1.72618e-05,7.0573e-06,6.29435e-06,5.24529e-06,6.67582e-06,7.3434e-06,1.10628e-05,9.06004e-05,0.000328355,0.00172551,0.00588111,0.0123331,0.0205927,0.03391,0.0503509,0.0607522,0.0782276,0.0896171,0.097002,0.113572,0.114577,0.119904,0.131663,0.136552,0.145873,0.152844,0.157988,0.17452,0.188812,0.199928,0.212545,0.22326,0.229677,0.236437,0.239974,0.24503,0.244364,0.248101,0.249489,0.249151
-79,0.249905,0.250363,0.247489,0.249448,0.24468,0.236213,0.23459,0.227679,0.209618,0.187629,0.148781,0.10091,0.0595514,0.049171,0.0277579,0.0172527,0.00789025,0.0042937,0.0026812,0.000905718,0.000541505,0.000150969,0.00010605,6.23713e-05,3.87198e-05,2.35561e-05,1.93599e-05,5.24529e-06,6.38972e-06,7.82025e-06,1.46868e-05,2.59403e-05,0.000134661,0.000870718,0.00207942,0.00723865,0.0142152,0.0292729,0.0407779,0.0578092,0.0745578,0.0915885,0.0933992,0.0999763,0.117335,0.117422,0.124125,0.136441,0.140337,0.146928,0.157232,0.170312,0.180492,0.186765,0.209648,0.207487,0.210205,0.226841,0.239801,0.239192,0.242834,0.246777,0.248391,0.249222,0.250019
-80,0.249448,0.250057,0.249448,0.248842,0.248389,0.229593,0.238552,0.216602,0.218567,0.156095,0.169464,0.113776,0.0853677,0.0475168,0.0375224,0.0201266,0.0104993,0.00486143,0.00308633,0.00163024,0.00062829,0.000355249,0.000183108,9.80392e-05,6.51369e-05,2.7657e-05,2.02182e-05,1.73571e-05,1.17304e-05,1.77386e-05,1.90738e-05,4.76844e-05,0.000180724,0.00119879,0.00370966,0.00840803,0.022152,0.0313724,0.0450522,0.0658049,0.0879097,0.0839654,0.0897275,0.115706,0.118889,0.123809,0.133966,0.137956,0.14495,0.152596,0.168374,0.167716,0.189289,0.19536,0.201546,0.214035,0.226143,0.234125,0.236186,0.245096,0.246072,0.247735,0.247801,0.249562,0.249678
-81,0.249752,0.249448,0.2496,0.249296,0.242363,0.245119,0.220093,0.203373,0.22033,0.186179,0.134912,0.12183,0.0728686,0.0587653,0.030155,0.0246908,0.0152215,0.00741839,0.00395476,0.00164349,0.000783169,0.000469024,0.000224308,0.00015774,6.67582e-05,4.12947e-05,2.56542e-05,1.61173e-05,1.98367e-05,8.67857e-06,4.39651e-05,7.65812e-05,0.000367838,0.00130589,0.0050495,0.0112293,0.022888,0.028792,0.0463093,0.0798415,0.0606596,0.0857036,0.105183,0.106919,0.115824,0.128036,0.136854,0.135393,0.153417,0.155405,0.170496,0.194918,0.189226,0.191136,0.216634,0.221502,0.229765,0.236672,0.239351,0.245894,0.247508,0.248173,0.249335,0.25021,0.248806
-82,0.248993,0.25021,0.249905,0.248842,0.241791,0.246743,0.232856,0.236623,0.189891,0.204592,0.134957,0.123782,0.0778252,0.0534091,0.0316803,0.0310017,0.0127362,0.00901603,0.00466917,0.00193666,0.00124771,0.000617323,0.000264267,0.000215057,8.64996e-05,5.49325e-05,4.35836e-05,3.96735e-05,4.53956e-05,2.90875e-05,6.71397e-05,8.5069e-05,0.000330453,0.00238947,0.00762628,0.0151756,0.0305382,0.0475657,0.0594724,0.0666519,0.0799582,0.0942956,0.101653,0.124722,0.126625,0.130535,0.139947,0.147035,0.149398,0.156883,0.169769,0.179054,0.19056,0.197293,0.205645,0.218298,0.230839,0.233492,0.242813,0.244298,0.246422,0.249221,0.248804,0.249905,0.249752
-83,0.249296,0.248842,0.249752,0.249296,0.248993,0.248691,0.228313,0.208657,0.226796,0.162666,0.185421,0.157234,0.123372,0.0609425,0.0476605,0.0317171,0.0130229,0.00967493,0.00590686,0.00286584,0.00158169,0.000826562,0.000314717,0.000205138,5.67445e-05,7.63905e-05,4.5491e-05,5.88426e-05,5.86519e-05,6.84749e-05,8.25895e-05,0.000153925,0.000926032,0.0025823,0.00685073,0.017693,0.0324599,0.0547502,0.0729068,0.0808648,0.0854836,0.101592,0.0994636,0.125829,0.12557,0.134841,0.137145,0.144008,0.150723,0.151746,0.171297,0.17826,0.18477,0.198785,0.20913,0.217596,0.236293,0.240516,0.2442,0.241646,0.248098,0.248136,0.248774,0.249109,0.2496
-84,0.250516,0.2496,0.248389,0.249448,0.249448,0.242938,0.240796,0.234187,0.231409,0.169604,0.193023,0.167045,0.0838473,0.065015,0.0416212,0.0283791,0.0208796,0.0120275,0.00750319,0.00335279,0.00198415,0.00108349,0.000513943,0.000257687,0.000167849,0.000112058,9.79438e-05,6.70443e-05,4.93057e-05,3.84337e-05,9.39384e-05,0.000371653,0.0013158,0.00595598,0.012504,0.0202841,0.0441679,0.0544633,0.0663881,0.0791497,0.102932,0.104541,0.117251,0.118145,0.124653,0.13625,0.143659,0.145581,0.155955,0.165249,0.182453,0.186162,0.195765,0.2034,0.222604,0.219585,0.231502,0.239683,0.243851,0.246343,0.248336,0.250364,0.250058,0.249829,0.250554
-85,0.248993,0.2496,0.250516,0.249296,0.247041,0.248239,0.246002,0.240513,0.222848,0.165092,0.161385,0.128319,0.0985312,0.0799364,0.0433113,0.0349454,0.0219893,0.0133715,0.00770371,0.00338149,0.00265135,0.000859369,0.000463111,0.000320439,0.000217823,0.000122072,8.47829e-05,7.03822e-05,7.33387e-05,0.000114633,0.00015116,0.000313573,0.00146544,0.00345178,0.010256,0.0331163,0.0310932,0.0535612,0.0798123,0.0859496,0.110639,0.094183,0.120883,0.118876,0.12715,0.132836,0.13985,0.154302,0.165114,0.172664,0.17868,0.186708,0.19408,0.217183,0.218035,0.234229,0.232216,0.237338,0.244845,0.248063,0.248284,0.249073,0.249716,0.24862,0.249792
-86,0.2496,0.249448,0.250977,0.248842,0.248993,0.250057,0.246298,0.239249,0.203474,0.18806,0.170878,0.127441,0.111242,0.076574,0.0597338,0.0362377,0.0247909,0.0121474,0.00964395,0.00431258,0.00242342,0.0013261,0.000871195,0.000393874,0.000379473,0.000133516,0.000143244,8.45922e-05,0.000184634,0.000104429,0.000323873,0.00060893,0.00202649,0.00558099,0.0159318,0.0352326,0.0561154,0.0655657,0.0838146,0.106594,0.100411,0.115568,0.123278,0.123369,0.135353,0.143609,0.149158,0.152041,0.17063,0.173047,0.188358,0.179243,0.204202,0.2205,0.220562,0.23313,0.235719,0.241104,0.2451,0.24788,0.247618,0.249037,0.248957,0.250287,0.248882
-87,0.250057,0.249448,0.250057,0.249296,0.2496,0.2496,0.247938,0.23567,0.226796,0.215917,0.191042,0.120896,0.12086,0.0994402,0.055194,0.0444198,0.0333682,0.0158042,0.0100178,0.00560569,0.00375916,0.00164044,0.00116751,0.000560006,0.000484474,0.000218013,0.000150111,0.000105764,8.44015e-05,0.000241474,0.000250534,0.000973526,0.00311551,0.00718455,0.0159711,0.0330157,0.0650104,0.0721789,0.09788,0.0941561,0.10285,0.120075,0.127327,0.130241,0.137454,0.144202,0.152267,0.148981,0.160304,0.174836,0.196836,0.198407,0.213571,0.211525,0.225668,0.225507,0.23104,0.241088,0.244994,0.248626,0.248767,0.249378,0.248695,0.249411,0.25113
-88,0.250057,0.250363,0.25021,0.249752,0.248691,0.248389,0.246298,0.245707,0.23883,0.220568,0.20718,0.164364,0.108101,0.0796411,0.0888105,0.0568407,0.0349126,0.019539,0.0119514,0.00652728,0.00407111,0.00221466,0.00120871,0.000893034,0.000403029,0.000445945,0.000269417,0.000298409,0.000199321,0.000232605,0.000447471,0.00123856,0.00352626,0.0118702,0.036519,0.0337113,0.0683671,0.088286,0.0789354,0.109172,0.1195,0.122767,0.128202,0.133163,0.142881,0.147714,0.155664,0.160319,0.176334,0.17705,0.183477,0.204151,0.216849,0.219503,0.222299,0.231579,0.240802,0.240283,0.246646,0.248432,0.248767,0.249373,0.249981,0.249943,0.249564
-89,0.249752,0.249752,0.250516,0.250363,0.248842,0.2496,0.243516,0.242363,0.238275,0.231148,0.195324,0.148835,0.139508,0.0966024,0.0661276,0.0484727,0.0413899,0.0180901,0.0144194,0.00727439,0.00461795,0.00259537,0.00174754,0.000972667,0.000761902,0.000529011,0.000388247,0.000320439,0.00024567,0.000438602,0.000403696,0.00188106,0.0056363,0.0107841,0.0262878,0.0431861,0.0739157,0.102686,0.0983555,0.123511,0.119395,0.104037,0.132664,0.137782,0.135746,0.152537,0.16006,0.160292,0.178045,0.177842,0.18907,0.213857,0.217207,0.220375,0.232153,0.231399,0.240586,0.243263,0.244108,0.248526,0.248585,0.249562,0.250287,0.249791,0.250364
-90,0.249296,0.248842,0.248691,0.248691,0.249145,0.249448,0.247788,0.244096,0.211786,0.220924,0.18012,0.161703,0.172026,0.114188,0.0662238,0.0671576,0.0369837,0.0233016,0.0122737,0.00887421,0.00525444,0.00327449,0.00183738,0.00126402,0.000811017,0.000553044,0.000568017,0.000432784,0.000490005,0.000503929,0.00104295,0.00253099,0.00763928,0.0147805,0.0463847,0.0606082,0.0806769,0.0850285,0.115371,0.123567,0.121181,0.130316,0.130533,0.138712,0.151659,0.167779,0.160885,0.17025,0.178084,0.191295,0.19544,0.215344,0.213668,0.235567,0.23071,0.239326,0.239974,0.2465,0.246881,0.247692,0.249828,0.250366,0.249715,0.250212,0.249981
-91,0.250057,0.249905,0.25021,0.250363,0.249752,0.248993,0.249905,0.240372,0.243951,0.212887,0.227805,0.205105,0.158573,0.12245,0.072765,0.0668616,0.0342557,0.0270574,0.0203122,0.00960505,0.00740444,0.00320306,0.00260624,0.00138981,0.00132534,0.000737774,0.00050555,0.000637064,0.000523003,0.000694858,0.00115587,0.00375181,0.0123607,0.0210838,0.0339801,0.0603904,0.0783076,0.116393,0.111916,0.10983,0.126176,0.137049,0.139452,0.140147,0.152218,0.158764,0.167691,0.180961,0.177839,0.196917,0.202632,0.204033,0.218114,0.232815,0.230345,0.242328,0.240777,0.247288,0.249374,0.249639,0.249715,0.249716,0.249793,0.249564,0.250478
-92,0.249448,0.250057,0.250057,0.248691,0.248389,0.246743,0.248993,0.243661,0.24556,0.241648,0.170097,0.191757,0.140851,0.12677,0.0797497,0.062725,0.0472864,0.0335129,0.0265299,0.0158906,0.0095938,0.00458391,0.00247816,0.00208543,0.00155327,0.00107853,0.000684653,0.000715743,0.000718223,0.00107509,0.0017277,0.00536612,0.0143323,0.0291868,0.0589978,0.0675086,0.0904637,0.108784,0.122108,0.125737,0.128237,0.141086,0.140315,0.148714,0.14811,0.160687,0.162911,0.17034,0.189927,0.187429,0.203515,0.218981,0.218667,0.232799,0.23878,0.243138,0.243403,0.246305,0.248174,0.249265,0.249526,0.249947,0.249867,0.250711,0.25021
-93,0.249752,0.249752,0.249905,0.249296,0.250516,0.24854,0.249145,0.247041,0.238691,0.240938,0.221044,0.188492,0.183592,0.126888,0.113618,0.0885992,0.042445,0.0257785,0.0195194,0.015593,0.0103967,0.00514792,0.0027409,0.0020634,0.00137846,0.000925841,0.00109836,0.000838197,0.000951591,0.00118238,0.0021356,0.00521639,0.0121315,0.0243075,0.0482248,0.0838472,0.0964327,0.0968329,0.119381,0.122622,0.13404,0.140054,0.14186,0.155138,0.161932,0.169091,0.177512,0.180916,0.190615,0.205926,0.208407,0.220102,0.218192,0.228098,0.237893,0.242669,0.247768,0.247475,0.247877,0.249374,0.249714,0.249639,0.249334,0.250824,0.249943
-94,0.248993,0.249752,0.250363,0.249905,0.249905,0.2496,0.249296,0.23635,0.231278,0.210588,0.219975,0.202669,0.150863,0.141239,0.138143,0.0825296,0.0475499,0.0404099,0.0272555,0.0158005,0.00935775,0.00697844,0.00472019,0.0021952,0.00205138,0.00147889,0.00142958,0.000789464,0.00112325,0.00129759,0.00311475,0.00709001,0.0142651,0.0402893,0.0721191,0.0858106,0.0933304,0.116468,0.118771,0.134562,0.133035,0.138464,0.139224,0.154004,0.153775,0.172454,0.178555,0.17909,0.19676,0.200072,0.21161,0.221898,0.220341,0.229654,0.23775,0.245497,0.246392,0.248401,0.248434,0.248662,0.24926,0.24979,0.249714,0.250557,0.249981
-95,0.249752,0.2496,0.2496,0.248993,0.249448,0.2496,0.246743,0.248842,0.243806,0.243951,0.237583,0.221283,0.173557,0.155149,0.132598,0.0848021,0.0761894,0.045551,0.0271957,0.0206086,0.0114965,0.00845718,0.00474842,0.00299086,0.00246824,0.00190938,0.00167058,0.00124828,0.00167973,0.00232013,0.00396429,0.010259,0.0155684,0.0389616,0.0453208,0.101402,0.0972438,0.127081,0.128805,0.135835,0.144532,0.143233,0.150054,0.151716,0.16535,0.171438,0.186494,0.199462,0.203297,0.213533,0.224602,0.223075,0.228366,0.234074,0.239677,0.240893,0.246222,0.247221,0.248552,0.249905,0.250134,0.250403,0.2496,0.248846,0.250286
-96,0.250363,0.249296,0.249448,0.250057,0.249448,0.2496,0.247339,0.249448,0.248993,0.224067,0.237583,0.161576,0.192117,0.111728,0.0904981,0.0740409,0.053647,0.0425951,0.0356697,0.0167689,0.0120205,0.0096231,0.00510443,0.00448806,0.00342489,0.00226349,0.00242132,0.00131619,0.00139,0.00355173,0.00536688,0.0172412,0.0245508,0.0509276,0.0892417,0.0986407,0.115253,0.11527,0.136655,0.137877,0.143015,0.150025,0.164202,0.168844,0.172591,0.176305,0.179846,0.187591,0.198763,0.215226,0.217082,0.226527,0.22853,0.239731,0.240077,0.244299,0.247324,0.248436,0.249752,0.249563,0.249867,0.249601,0.249791,0.250325,0.249867
-97,0.249905,0.2496,0.250057,0.250057,0.249448,0.249145,0.250363,0.249905,0.247788,0.239389,0.209726,0.189364,0.200388,0.128763,0.159499,0.0968079,0.0715449,0.0415917,0.0304985,0.026924,0.0146861,0.00950696,0.00783891,0.00463416,0.00461261,0.00290408,0.00272221,0.00231832,0.00158713,0.00387388,0.00769036,0.0158786,0.0344694,0.0710669,0.0903257,0.113047,0.12329,0.134519,0.133449,0.147348,0.150955,0.148182,0.156028,0.168219,0.170827,0.18549,0.18944,0.199358,0.198071,0.210166,0.214339,0.227057,0.229517,0.240602,0.243883,0.247274,0.248852,0.248166,0.249335,0.249867,0.250019,0.250785,0.251017,0.250057,0.249753
-98,0.25021,0.250057,0.2496,0.25021,0.250363,0.248088,0.248239,0.248088,0.248088,0.244096,0.232196,0.220212,0.214784,0.165559,0.109723,0.124082,0.0712834,0.070136,0.0466509,0.0233507,0.0252556,0.0111234,0.0101612,0.00638394,0.00363432,0.00315194,0.0029448,0.00387388,0.00280184,0.00487678,0.00888542,0.0150854,0.0502365,0.0555385,0.0895843,0.0902758,0.112562,0.138174,0.14665,0.144931,0.154135,0.157495,0.157241,0.160154,0.17653,0.184952,0.191913,0.198272,0.206841,0.217661,0.22082,0.231375,0.231987,0.241251,0.244933,0.246247,0.246739,0.248768,0.249905,0.249943,0.250057,0.250058,0.24926,0.25044,0.249145
-99,0.248993,0.250363,0.249905,0.248088,0.249905,0.249448,0.250057,0.25021,0.248691,0.246892,0.243082,0.228059,0.215917,0.181719,0.127798,0.124421,0.0654095,0.0669053,0.0436482,0.0240331,0.0190643,0.0142966,0.0103308,0.0073604,0.00533446,0.00509012,0.00355612,0.00287613,0.00254044,0.00612011,0.0102803,0.0331995,0.0351059,0.0447709,0.104842,0.119077,0.121202,0.133016,0.143909,0.153566,0.156252,0.15351,0.160379,0.176099,0.187514,0.185871,0.202666,0.197755,0.213284,0.214129,0.233393,0.229776,0.241154,0.238555,0.243294,0.247799,0.248475,0.249304,0.248731,0.24941,0.249753,0.249562,0.249183,0.25021,0.250402
-100,0.249448,0.2496,0.249448,0.249752,0.249448,0.250057,0.249905,0.248389,0.237308,0.247041,0.242938,0.202769,0.169464,0.141728,0.16312,0.104943,0.0778548,0.0521312,0.0522309,0.027497,0.0202871,0.0160897,0.0109656,0.00935155,0.00644307,0.00443961,0.00561208,0.00425193,0.00416581,0.00764811,0.0138942,0.0322946,0.0680935,0.0883629,0.0989187,0.118742,0.132962,0.145439,0.150617,0.156698,0.160199,0.156221,0.178613,0.187153,0.18265,0.195502,0.192771,0.206225,0.217573,0.219563,0.229429,0.236068,0.235751,0.242793,0.242319,0.246812,0.248244,0.249259,0.249146,0.249829,0.249335,0.24896,0.249981,0.249526,0.248961
-101,0.25021,0.250057,0.249296,0.250057,0.249752,0.249448,0.249448,0.249448,0.248842,0.242794,0.245413,0.22642,0.188146,0.197205,0.171882,0.117194,0.101561,0.0875201,0.0605193,0.0394106,0.0296808,0.0165983,0.0132474,0.00906862,0.00705972,0.00568847,0.00478408,0.00553893,0.0058011,0.00821365,0.0194838,0.0255041,0.0592613,0.109076,0.112897,0.133502,0.13816,0.142582,0.150197,0.162977,0.161209,0.172174,0.171176,0.189074,0.193332,0.196938,0.205776,0.20792,0.219433,0.226816,0.229242,0.238698,0.238868,0.242805,0.244003,0.247738,0.248314,0.249145,0.249717,0.249753,0.24968,0.250135,0.249488,0.250059,0.251137
-102,0.250517,0.250057,0.250058,0.25021,0.25021,0.250057,0.248842,0.248691,0.249296,0.249296,0.24615,0.226545,0.222484,0.191757,0.145659,0.10833,0.103355,0.0961263,0.0623526,0.0319946,0.0254439,0.0235861,0.0155203,0.0100829,0.00988889,0.00656725,0.00608597,0.00757367,0.00719244,0.0136195,0.0203324,0.0553562,0.0774202,0.0674157,0.123388,0.138631,0.145108,0.148073,0.152103,0.183803,0.166256,0.176911,0.191953,0.189535,0.198995,0.209955,0.202662,0.216989,0.222754,0.231725,0.238375,0.232072,0.240603,0.243699,0.246886,0.248101,0.249147,0.250248,0.249259,0.249905,0.250095,0.248808,0.249754,0.250555,0.252333
-103,0.249449,0.250211,0.250364,0.250058,0.249601,0.2496,0.25021,0.249752,0.249296,0.248239,0.233121,0.228313,0.183839,0.173557,0.190864,0.16338,0.130777,0.065756,0.0480294,0.0377716,0.0325282,0.021456,0.0143461,0.0113708,0.0102305,0.0100214,0.00790199,0.00722403,0.0114344,0.0142642,0.0354791,0.0521419,0.0952233,0.0921625,0.122617,0.139629,0.151323,0.145127,0.171292,0.166727,0.174623,0.175415,0.188575,0.191417,0.199212,0.207622,0.219503,0.220986,0.228548,0.222623,0.235004,0.238107,0.245566,0.247992,0.248849,0.247701,0.248578,0.249527,0.249981,0.250593,0.250364,0.249829,0.249722,0.251092,0.251328
-104,0.249146,0.249451,0.250059,0.250364,0.249145,0.250057,0.249752,0.248842,0.248088,0.245707,0.239529,0.221642,0.236077,0.166231,0.158881,0.16286,0.108819,0.0855639,0.0562244,0.0579669,0.0404298,0.0208828,0.0210459,0.0151916,0.0102701,0.0100545,0.00815248,0.00910567,0.0102029,0.0170978,0.0312509,0.0448421,0.102424,0.12814,0.14237,0.152141,0.151878,0.162669,0.160959,0.160885,0.173138,0.187438,0.181642,0.189018,0.199396,0.204869,0.21735,0.226968,0.224822,0.235682,0.236657,0.241368,0.242945,0.245787,0.247736,0.248059,0.248843,0.250557,0.249752,0.25021,0.249984,0.250709,0.249565,0.252934,0.251752
-105,0.250061,0.250214,0.250367,0.249907,0.249452,0.249753,0.2496,0.247638,0.246595,0.243371,0.247788,0.241648,0.225672,0.219621,0.145452,0.132684,0.150975,0.100391,0.0886184,0.0528305,0.0335514,0.0315461,0.0181041,0.0158072,0.0126635,0.011684,0.0116694,0.0104673,0.0121498,0.0284431,0.0234707,0.0665194,0.082144,0.123047,0.14124,0.14475,0.164617,0.164625,0.17962,0.170939,0.189551,0.197652,0.192029,0.19895,0.209336,0.211181,0.201971,0.224553,0.225291,0.235923,0.238176,0.242066,0.241812,0.246725,0.248116,0.24896,0.250172,0.250632,0.250631,0.249753,0.250785,0.251748,0.251908,0.251806,0.252557
-106,0.24961,0.250063,0.249451,0.250366,0.249297,0.249297,0.249297,0.2496,0.248088,0.248088,0.24468,0.240372,0.215123,0.212225,0.164893,0.168349,0.104729,0.0835225,0.0658724,0.0598472,0.0424626,0.0372562,0.0228187,0.0159354,0.0181469,0.0160476,0.0107924,0.0157343,0.016209,0.0247542,0.0603023,0.10454,0.114104,0.127557,0.127071,0.160251,0.157937,0.165374,0.167962,0.171555,0.187718,0.192657,0.200144,0.19597,0.198981,0.217801,0.218787,0.23216,0.236894,0.236512,0.242305,0.243975,0.245621,0.246935,0.249147,0.248129,0.24979,0.250708,0.24987,0.250479,0.250478,0.251827,0.251555,0.251024,0.251141
-107,0.249771,0.249006,0.249756,0.248854,0.250213,0.248541,0.249449,0.249905,0.249905,0.24719,0.247788,0.244826,0.209511,0.212335,0.172897,0.148673,0.122303,0.140561,0.079057,0.0573582,0.0372935,0.0408655,0.0338233,0.025563,0.0175814,0.0136977,0.0116723,0.0161936,0.0175378,0.0297215,0.0460182,0.0751895,0.110047,0.128812,0.150761,0.164415,0.16471,0.166725,0.179934,0.187842,0.186173,0.188573,0.200613,0.206731,0.219886,0.208701,0.229857,0.229612,0.236104,0.238142,0.242238,0.242492,0.248639,0.247673,0.247945,0.250593,0.249714,0.250363,0.250631,0.250517,0.250211,0.250439,0.250563,0.25184,0.250838
-108,0.250095,0.249009,0.25038,0.250214,0.249756,0.249754,0.248695,0.24839,0.249905,0.24719,0.249905,0.243661,0.236213,0.179175,0.180438,0.19131,0.118689,0.092023,0.0984601,0.0564024,0.054215,0.0363438,0.0342233,0.0250021,0.0200144,0.0194607,0.0190312,0.0182875,0.0215973,0.0391602,0.0717204,0.112134,0.12191,0.156306,0.137723,0.157402,0.175924,0.175228,0.183308,0.185957,0.192596,0.200537,0.204327,0.213742,0.215848,0.221748,0.229616,0.239014,0.238118,0.235981,0.239893,0.243196,0.247352,0.247262,0.247746,0.250019,0.250289,0.250364,0.250631,0.249338,0.250911,0.251621,0.253793,0.251683,0.252564
-109,0.249804,0.250399,0.249777,0.250069,0.249611,0.250672,0.249908,0.250517,0.249601,0.250058,0.244242,0.244242,0.199607,0.229208,0.19711,0.184087,0.108877,0.0925846,0.077093,0.0704618,0.0527828,0.045765,0.0268154,0.0261978,0.023495,0.0270262,0.0213955,0.0163019,0.0230215,0.0331563,0.0488261,0.09279,0.111772,0.136553,0.162239,0.173527,0.176214,0.189878,0.198701,0.202737,0.199727,0.199224,0.204606,0.212633,0.225136,0.229339,0.226329,0.23567,0.238416,0.242313,0.242804,0.247276,0.246919,0.249906,0.249224,0.249107,0.249109,0.24896,0.250096,0.250134,0.252504,0.251681,0.254328,0.255432,0.256119
-110,0.250561,0.250241,0.249959,0.249931,0.249312,0.249457,0.249155,0.249298,0.250058,0.250058,0.245266,0.247339,0.241791,0.233387,0.226545,0.167181,0.134957,0.105565,0.0890422,0.0872966,0.0729859,0.0506363,0.0384573,0.0311521,0.0242184,0.0225211,0.0195487,0.0238066,0.0349259,0.0474736,0.0874772,0.108743,0.154471,0.167164,0.179065,0.176872,0.178115,0.196482,0.192354,0.205379,0.200705,0.211052,0.216875,0.223138,0.22323,0.221725,0.228092,0.233234,0.239811,0.245309,0.243786,0.246583,0.24656,0.2493,0.250517,0.249489,0.250554,0.250441,0.250673,0.25299,0.251216,0.253278,0.252255,0.255551,0.253138
-111,0.24971,0.25028,0.250122,0.249669,0.249941,0.249913,0.250683,0.250061,0.249452,0.248996,0.2496,0.247938,0.243951,0.222484,0.209833,0.145195,0.160185,0.156993,0.127322,0.0690949,0.0524879,0.0435241,0.0514488,0.0458289,0.0307468,0.0249628,0.0265987,0.0220905,0.0287963,0.0666054,0.0706922,0.131405,0.15765,0.173591,0.164693,0.193367,0.189454,0.186627,0.208985,0.195493,0.210776,0.206208,0.21192,0.223179,0.228286,0.227134,0.239967,0.243899,0.245054,0.242843,0.245312,0.246105,0.248693,0.250235,0.250824,0.250134,0.249718,0.251174,0.250328,0.25113,0.252581,0.257439,0.255103,0.254281,0.2569
-112,0.250048,0.250008,0.25065,0.249092,0.250249,0.25089,0.249774,0.250063,0.250062,0.249453,0.245708,0.240797,0.238691,0.223822,0.226671,0.173117,0.196637,0.125913,0.099201,0.0748256,0.0787717,0.0658212,0.0429911,0.0343183,0.0310022,0.0259626,0.0303427,0.0364576,0.0517324,0.0767039,0.105321,0.147426,0.158426,0.161819,0.177377,0.181456,0.184877,0.195384,0.197331,0.203113,0.218708,0.207008,0.230978,0.231385,0.23456,0.237246,0.242601,0.241135,0.242801,0.244708,0.245232,0.248009,0.250487,0.248474,0.250516,0.250022,0.250059,0.252874,0.250178,0.251115,0.2568,0.253058,0.2531,0.253047,0.269686
-113,0.25039,0.250077,0.249161,0.249949,0.250157,0.249356,0.249664,0.250094,0.249305,0.249609,0.249909,0.238971,0.241649,0.237999,0.217869,0.189189,0.156694,0.131281,0.117229,0.0918413,0.0622331,0.0591882,0.0474797,0.0385668,0.0442982,0.029295,0.0298847,0.0372107,0.0466803,0.0604449,0.122119,0.139698,0.155036,0.173053,0.191297,0.201972,0.208792,0.208705,0.200234,0.21141,0.216624,0.21945,0.231797,0.226432,0.237142,0.237647,0.238023,0.241978,0.245199,0.247366,0.248495,0.24932,0.249265,0.249879,0.250325,0.25329,0.250903,0.254089,0.251605,0.252644,0.251567,0.255722,0.25543,0.262615,0.260151
-114,0.250044,0.24973,0.250405,0.249431,0.249644,0.250649,0.249069,0.249619,0.249328,0.249784,0.249303,0.249753,0.245709,0.240656,0.207916,0.213109,0.174669,0.152268,0.131028,0.0806301,0.07761,0.0722381,0.0590752,0.0576058,0.0411295,0.03131,0.0362259,0.0378276,0.0418392,0.105308,0.11978,0.133002,0.174761,0.19229,0.190416,0.207575,0.201506,0.204417,0.213806,0.213027,0.226803,0.22116,0.232901,0.227241,0.239729,0.238538,0.239399,0.242384,0.246079,0.247566,0.248836,0.249705,0.249718,0.249943,0.250102,0.250756,0.250751,0.251428,0.252287,0.255584,0.257431,0.255712,0.255303,0.262189,0.256596
-115,0.250059,0.251178,0.250903,0.250011,0.250523,0.250186,0.249864,0.250188,0.249948,0.249615,0.24991,0.248543,0.235814,0.231153,0.196833,0.193298,0.168975,0.169821,0.104923,0.108364,0.0850078,0.0622482,0.0505907,0.0460847,0.0609047,0.0483908,0.054108,0.0500596,0.0698281,0.0864608,0.100816,0.153788,0.176086,0.194916,0.19619,0.211927,0.204867,0.220237,0.219413,0.224193,0.224977,0.233678,0.233163,0.243147,0.238017,0.240274,0.242618,0.246515,0.249983,0.247345,0.248586,0.251522,0.25054,0.248904,0.24961,0.25034,0.25281,0.253301,0.253735,0.257707,0.260068,0.254176,0.256649,0.257664,0.267101
-116,0.251173,0.250696,0.249542,0.251124,0.250884,0.250914,0.250438,0.250136,0.250097,0.248788,0.247651,0.24916,0.246453,0.222971,0.232603,0.174153,0.169327,0.17655,0.146347,0.129588,0.0881189,0.0796817,0.0628658,0.0550179,0.039538,0.0428841,0.0400348,0.0738168,0.094517,0.0678846,0.157591,0.178474,0.169925,0.203833,0.19986,0.221297,0.216622,0.217811,0.213464,0.237428,0.234163,0.23441,0.238481,0.243339,0.239209,0.242739,0.250137,0.247989,0.248489,0.250046,0.249168,0.251545,0.252736,0.251339,0.252106,0.252532,0.250138,0.251451,0.253796,0.255407,0.257778,0.260049,0.260237,0.262922,0.262846
-117,0.251117,0.250663,0.250486,0.250167,0.250453,0.249837,0.250109,0.250225,0.250283,0.250134,0.250136,0.249474,0.248865,0.215485,0.212238,0.224936,0.14863,0.122349,0.16505,0.110764,0.113335,0.0678226,0.0665725,0.074558,0.0533248,0.051978,0.0502484,0.0552545,0.0834835,0.136882,0.161883,0.146221,0.205083,0.206501,0.216174,0.218346,0.217996,0.219963,0.231132,0.229846,0.23395,0.238771,0.239367,0.247413,0.240422,0.244839,0.244133,0.253031,0.252234,0.251839,0.25067,0.251273,0.251018,0.251507,0.251502,0.252309,0.255808,0.255594,0.257003,0.253727,0.259118,0.255528,0.259722,0.25977,0.266959
-118,0.251204,0.250374,0.251747,0.250825,0.251393,0.250472,0.24977,0.249049,0.250187,0.250181,0.249054,0.249629,0.244557,0.242952,0.240965,0.217429,0.173937,0.159337,0.159034,0.103299,0.107065,0.0777474,0.0713927,0.060066,0.0530841,0.0526452,0.0570422,0.0724134,0.0691871,0.11128,0.151985,0.188868,0.186438,0.207619,0.214277,0.219193,0.23015,0.233208,0.237164,0.241485,0.238975,0.247472,0.244405,0.246489,0.246896,0.251067,0.2472,0.251767,0.250278,0.250947,0.250251,0.25231,0.253186,0.251468,0.253687,0.254979,0.256095,0.253535,0.256371,0.255022,0.254912,0.270634,0.272151,0.269965,0.271512
-119,0.252632,0.251838,0.252165,0.250327,0.250668,0.250887,0.250672,0.250429,0.250606,0.249904,0.249118,0.249593,0.248297,0.242978,0.233955,0.231724,0.182818,0.180008,0.175762,0.122293,0.0977991,0.104715,0.0690921,0.0635886,0.0843812,0.0705903,0.0662998,0.0904577,0.126023,0.132401,0.156957,0.20554,0.209503,0.220535,0.21782,0.234177,0.229052,0.242676,0.243315,0.238547,0.24538,0.239419,0.250452,0.248351,0.25604,0.253266,0.254411,0.252895,0.254734,0.254213,0.254322,0.252348,0.255775,0.254917,0.254205,0.25347,0.253287,0.259535,0.257641,0.261059,0.258425,0.269379,0.290294,0.263117,0.29524
-120,0.252363,0.251928,0.252321,0.251585,0.251053,0.249695,0.250184,0.250702,0.25069,0.250736,0.249794,0.249922,0.247133,0.247961,0.243574,0.193811,0.214377,0.20628,0.157766,0.121873,0.123074,0.0891834,0.0779339,0.0813116,0.0680165,0.0776296,0.0611917,0.0788388,0.111027,0.1289,0.16204,0.178965,0.218858,0.22355,0.235127,0.230828,0.238518,0.242519,0.247572,0.242633,0.250283,0.254435,0.234179,0.252522,0.253183,0.257564,0.254995,0.255501,0.255804,0.251103,0.254355,0.258351,0.254705,0.254469,0.25777,0.253625,0.261454,0.261486,0.263787,0.266479,0.265644,0.263355,0.273264,0.266789,0.289684
-121,0.25434,0.251067,0.251355,0.251704,0.251527,0.252438,0.25125,0.251096,0.250929,0.249644,0.249779,0.244292,0.245255,0.237409,0.238541,0.212386,0.232257,0.20714,0.150009,0.160162,0.122323,0.0845624,0.0789365,0.0727198,0.0714293,0.0658067,0.0801384,0.104479,0.152749,0.175037,0.214331,0.19405,0.220886,0.226766,0.248711,0.240487,0.239999,0.241387,0.252695,0.253571,0.263997,0.250549,0.256063,0.260225,0.259052,0.252917,0.254402,0.258573,0.257607,0.257243,0.256355,0.25555,0.252426,0.256142,0.253411,0.256456,0.260603,0.254813,0.263648,0.267363,0.260197,0.267692,0.271517,0.271017,0.285311
-122,0.253423,0.253597,0.252677,0.252501,0.253017,0.252524,0.251512,0.251225,0.250045,0.25017,0.249318,0.250266,0.243374,0.245698,0.236801,0.221149,0.228104,0.190027,0.162662,0.133998,0.107183,0.0906267,0.0969832,0.0772433,0.0679684,0.0728673,0.0892272,0.0939248,0.122984,0.164225,0.17525,0.212965,0.226516,0.233858,0.236313,0.24182,0.252281,0.247287,0.254133,0.256801,0.2576,0.251371,0.263555,0.259543,0.262596,0.258465,0.260058,0.26099,0.259859,0.262858,0.259693,0.25527,0.255696,0.258801,0.255217,0.253571,0.254219,0.25668,0.259099,0.256961,0.264517,0.265223,0.285362,0.284929,0.274858
-123,0.254777,0.254284,0.256975,0.252597,0.252343,0.251861,0.25201,0.250496,0.251118,0.24995,0.250231,0.25004,0.249361,0.249526,0.233791,0.239787,0.209519,0.209469,0.162195,0.122804,0.12921,0.109925,0.116371,0.10385,0.0812701,0.0811867,0.0921874,0.148824,0.126249,0.206848,0.18879,0.228972,0.225936,0.240389,0.247288,0.249566,0.254979,0.267266,0.267641,0.266365,0.259727,0.257701,0.273355,0.261287,0.261612,0.25947,0.259726,0.261304,0.259491,0.261534,0.260297,0.257736,0.25715,0.255719,0.264723,0.263592,0.267622,0.26903,0.266032,0.259765,0.279336,0.271909,0.288164,0.284973,0.286191
-124,0.255854,0.254366,0.257785,0.255167,0.255466,0.255096,0.252187,0.252157,0.251526,0.251285,0.249844,0.250594,0.249875,0.249168,0.233439,0.23245,0.230161,0.19184,0.165248,0.172635,0.158526,0.111467,0.0888569,0.083302,0.100601,0.0863259,0.0996588,0.11367,0.152758,0.213429,0.21516,0.216488,0.236877,0.256439,0.244999,0.252669,0.25584,0.276625,0.267737,0.274926,0.272173,0.267007,0.281698,0.265078,0.272704,0.26289,0.271436,0.259309,0.258909,0.264156,0.262132,0.262812,0.2546,0.261499,0.257461,0.258252,0.262729,0.26128,0.269927,0.272715,0.261544,0.274332,0.287511,0.276546,0.290216
-125,0.256618,0.255606,0.257826,0.257565,0.254277,0.254431,0.253019,0.253078,0.252503,0.251075,0.25205,0.249899,0.249944,0.246093,0.248828,0.210452,0.233457,0.193262,0.152954,0.164527,0.128289,0.115413,0.0973556,0.093657,0.0944651,0.0970425,0.130885,0.1529,0.14418,0.185779,0.23376,0.231142,0.234864,0.240031,0.259742,0.258936,0.267741,0.267771,0.279418,0.29196,0.269872,0.282826,0.268356,0.274763,0.271767,0.267627,0.264194,0.270606,0.264549,0.278821,0.265478,0.2663,0.260399,0.270068,0.274872,0.258354,0.262509,0.271473,0.272554,0.281549,0.283739,0.289199,0.2845,0.28046,0.298911
-126,0.26076,0.258546,0.261713,0.2565,0.257573,0.254777,0.25583,0.253923,0.253857,0.251592,0.251197,0.250602,0.250052,0.244494,0.248617,0.244355,0.19899,0.217098,0.210806,0.154202,0.154756,0.112842,0.109503,0.109337,0.114341,0.113971,0.107408,0.138449,0.148194,0.193341,0.202204,0.246793,0.248815,0.260017,0.272359,0.280055,0.284299,0.285831,0.29631,0.281744,0.297481,0.274633,0.268627,0.265475,0.278883,0.277197,0.268107,0.272031,0.267139,0.270378,0.268289,0.259351,0.265948,0.267882,0.261493,0.265964,0.276677,0.272691,0.270618,0.271242,0.273608,0.278091,0.290311,0.294637,0.286009
-127,0.261242,0.257048,0.258022,0.265566,0.262327,0.259091,0.258187,0.255233,0.255132,0.251898,0.252895,0.251452,0.250468,0.250188,0.245569,0.233039,0.234877,0.175932,0.190885,0.154827,0.149553,0.142904,0.111562,0.102751,0.100607,0.119356,0.130248,0.155346,0.179936,0.214362,0.235053,0.231354,0.260307,0.261932,0.268364,0.274913,0.279747,0.28417,0.294986,0.283973,0.274009,0.284719,0.296863,0.288752,0.273685,0.287147,0.277525,0.269067,0.268317,0.272198,0.27319,0.260895,0.260694,0.267807,0.266839,0.26035,0.27049,0.282877,0.268899,0.283862,0.276371,0.284896,0.295064,0.300561,0.300896
Scan End
